      0.0000000 mu s
     0.10000000     0.36787944     0.53212510    -0.51051985
     0.20000000     0.27541195     0.66467380    -0.23236672
     0.30000000     0.28015333     0.65022655    -0.24477703
     0.40000000     0.24404792     0.58170252    -0.23622828
     0.50000000     0.19657219     0.49328475    -0.22076176
     0.60000000     0.14671270     0.39754849    -0.20000061
     0.70000000    0.097046791     0.29911990    -0.17033679
     0.80000000    0.048145917     0.19970086    -0.11980983
     0.90000000      0.0000000    0.099917450      0.0000000
