              T              E              M            |M|             Cv              X              A
            2.2      -1.547153    -0.78659355     0.78659355      1.3877825      4.1978299     0.15015541
          2.201     -1.5451417     0.78356073     0.78356073      1.4341547      4.8987033     0.15088835
          2.202     -1.5445436     0.78356323     0.78356323      1.4266356      5.1933325     0.15111125
          2.203     -1.5424408    -0.78079161     0.78079161      1.4300173      5.4106914     0.15188031
          2.204     -1.5409223     0.78037973     0.78037973      1.4401431       4.801988     0.15245048
          2.205     -1.5387746    -0.72941104     0.77571581      1.4555997      7.4024221     0.15332626
          2.206     -1.5378742    -0.31348189     0.77479146      1.4862804      7.5943253     0.15366038
          2.207     -1.5363537     0.77393078     0.77393078      1.4820923      6.6730577     0.15419747
          2.208     -1.5343362    -0.77200986     0.77200986      1.4790447      6.5598724     0.15493979
          2.209     -1.5340177    -0.77389514     0.77389514      1.4526311      5.2093693     0.15505934
           2.21     -1.5320001    -0.77022138     0.77027766      1.4898058      6.6785904     0.15575572
          2.211     -1.5302885     0.76762282     0.76766999       1.510675      7.7401596     0.15636943
          2.212     -1.5287384    -0.76602787     0.76608967      1.5083728      7.6060058     0.15694228
          2.213     -1.5279636    -0.25113651     0.76684401      1.4955252      6.7976772     0.15725296
          2.214     -1.5270419     0.32708871     0.76645176      1.5020914       6.834329     0.15762606
          2.215     -1.5243778     0.58776681     0.76262427      1.5292663      7.5313987     0.15855763
          2.216     -1.5232717     0.76204889     0.76204889      1.5368974      6.6745471     0.15898673
          2.217     -1.5202673     0.66817713     0.75407111       1.622503      11.110911      0.1600492
          2.218      -1.520367     0.75968797     0.75968815      1.5396004      6.9721688     0.16009403
          2.219     -1.5190338     0.75798766     0.75798769      1.5408372      7.2049717     0.16053978
           2.22     -1.5165923     0.75420965     0.75420965      1.5714784      7.7820776     0.16147963
          2.221     -1.5142113     0.75024818     0.75024818      1.6060073      8.7280338     0.16229814
          2.222     -1.5132994     0.67375062     0.74903096      1.6300317       9.934282     0.16264934
          2.223     -1.5115835      0.3644414     0.74667182       1.634106      10.142159     0.16329304
          2.224     -1.5106131    -0.74646416     0.74666014      1.6171673      10.143431     0.16363678
          2.225     -1.5088392    -0.74500244     0.74509586      1.6320803      9.8990349     0.16431296
          2.226     -1.5062927     0.21429623     0.73897951      1.6804308      12.950211     0.16526576
          2.227     -1.5048561     0.27673655     0.73806947      1.6786365      12.210165     0.16583907
          2.228     -1.5028599   0.0031963737     0.73496864      1.6844621      12.644833     0.16665408
          2.229     -1.5012609  -0.0081024203     0.73499493      1.6623043      11.167239     0.16713252
           2.23     -1.4994822    -0.35134898     0.72972655       1.736163       15.06883     0.16773272
          2.231     -1.4983112     0.33631038     0.73137904      1.6942851      12.177707     0.16830051
          2.232     -1.4972111    -0.51936352       0.729769      1.6980183      12.940157      0.1686472
          2.233     -1.4950326    -0.15814531     0.72614194         1.7125      13.263673     0.16949127
          2.234     -1.4938377     0.34071292     0.72695664      1.7004621      11.719737     0.16994106
          2.235     -1.4929732     0.24089121     0.72718142      1.7060359      10.970587     0.17026008
          2.236     -1.4905237    -0.72235169     0.72268791      1.7229722      12.653962     0.17111148
          2.237     -1.4891257     0.41417135     0.72223077      1.6966737      11.934722      0.1716076
          2.238     -1.4864052     -0.4912933     0.71564028      1.7607586      15.243213     0.17266459
          2.239     -1.4852811    -0.68304979     0.71266313      1.7967089      17.072811     0.17311173
           2.24      -1.482079    -0.49563467     0.70527979      1.8470309      20.131483      0.1743794
          2.241      -1.481705    -0.29154802     0.70958819      1.7878699      15.985366     0.17446179
          2.242     -1.4787151     0.20425565     0.70145872      1.8867008      20.684308     0.17552446
          2.243     -1.4771228   -0.062355111     0.70052255      1.8288493      18.943724     0.17605574
          2.244     -1.4754669    0.022029874     0.69792419      1.8648133      20.103734     0.17678687
          2.245     -1.4731635     0.26497988      0.6935941      1.8784402      21.542159     0.17759069
          2.246     -1.4722764     0.47200963     0.69473723      1.8504054      19.543919     0.17790874
          2.247     -1.4695636     0.42494223     0.68791386      1.8989607       21.83486     0.17894854
          2.248      -1.467182    0.046642053     0.68183636      1.9443112      24.970392     0.17986485
          2.249     -1.4667277    -0.13561074     0.68687211      1.8953773      20.800833     0.17998645
           2.25     -1.4635011     0.31438561     0.67676467      1.9566978      25.299112     0.18121546
          2.251     -1.4633693    -0.37725359     0.68290686      1.9184731       21.04441     0.18127664
          2.252     -1.4603924     0.23010467     0.67491209      1.9322652      24.277723     0.18245454
          2.253     -1.4584188     0.36553933     0.67227662      1.9599908      24.317329     0.18321179
          2.254     -1.4575405     0.46566041     0.67303957      1.9514948      22.705817     0.18344752
          2.255     -1.4543783  -0.0075622901     0.66370013      2.0220152      27.942369     0.18465375
          2.256     -1.4539982    -0.46220663     0.66632368      1.9451016      24.125468       0.184817
          2.257     -1.4515287    0.021900631     0.66258854      1.9634072      25.144702     0.18573001
          2.258     -1.4477357   -0.095771094     0.65083249      2.0635057      31.401983     0.18706738
          2.259     -1.4467166   -0.074152913     0.65072748      2.0343076      31.313919     0.18749608
           2.26     -1.4429064     0.14343626     0.63814173      2.0884439      35.213481     0.18890557
          2.261      -1.442969     0.12780607     0.64661885      1.9961648      28.178303     0.18897246
          2.262     -1.4397384     0.26007834     0.63369815      2.1054257      37.318008     0.19009446
          2.263      -1.436212    -0.25115987     0.62327401      2.1646159      39.724319     0.19140222
          2.264     -1.4362083     0.24712226     0.63019835      2.1144992      35.001851     0.19148761
          2.265      -1.432897    -0.20247659     0.62224409      2.1286421      36.779285     0.19260819
          2.266     -1.4288055    0.030499259     0.60751638      2.1823905      43.265782     0.19420521
          2.267       -1.42708    -0.11786653      0.6041326      2.1967091      44.279925     0.19483611
          2.268     -1.4286996     0.14719943     0.61713017       2.089107      37.018511     0.19432047
          2.269      -1.426374    0.045381398     0.61179416      2.1443563      38.506874     0.19513175
           2.27      -1.424292    0.041547381     0.60748604      2.1378816      40.108254     0.19591161
          2.271      -1.421221    -0.07864419     0.59840791      2.1771853      43.761116     0.19699346
          2.272     -1.4192378    -0.12159234     0.59464984      2.1419017      44.039159     0.19778015
          2.273     -1.4176076     0.12787456     0.59572936      2.1627439      41.357957     0.19843851
          2.274     -1.4120288   -0.032878618     0.56785032      2.2525816      54.561227      0.2005237
          2.275     -1.4116649   -0.077284072     0.57675068      2.1934361      46.942838     0.20061957
          2.276     -1.4087539   -0.049451814     0.56800188      2.2116363      49.828249     0.20167321
          2.277     -1.4079209   -0.088061013     0.57165839      2.1835066      46.446823     0.20204237
          2.278     -1.4047922    -0.10662329     0.56072427      2.2420927      51.325075      0.2031537
          2.279     -1.4046351    0.036048718     0.56587958      2.2173854      49.462843     0.20328562
           2.28      -1.399509    -0.03250993     0.54217444      2.2367359      57.580222     0.20515074
          2.281     -1.3977176   0.0019702935     0.54449558      2.1931904      54.073512     0.20595373
          2.282     -1.3947844    0.095781352     0.53557481      2.2279269      56.150104     0.20693672
          2.283     -1.3935868   -0.024133654      0.5355067      2.2329091      54.941928     0.20741979
          2.284     -1.3940077    0.042107484     0.54421082      2.1867718      50.164178     0.20732191
          2.285     -1.3899503    0.047597961     0.52730354      2.2107753       56.38967     0.20879851
          2.286     -1.3888302   0.0011547329     0.52688119      2.2132585      55.575047     0.20925792
          2.287     -1.3854358    0.029543518     0.51601808      2.2305692      57.934696     0.21051922
          2.288     -1.3831459   -0.073637192     0.51296535      2.2346503      58.030251     0.21137909
          2.289     -1.3802698   -0.046878974     0.50163994      2.2475643      61.103896     0.21249993
           2.29     -1.3794981    0.090208439     0.50526116      2.2122927      57.740761     0.21279724
          2.291     -1.3775818   -0.016904682     0.50227954      2.1805207      57.501413     0.21356319
          2.292     -1.3757999   -0.066937512     0.49554935      2.2000896      59.865237      0.2142157
          2.293     -1.3707924   0.0056131448     0.47808501      2.1885271      61.192034     0.21606515
          2.294     -1.3687905    0.049009997     0.47436226      2.1870248      61.758809     0.21684222
          2.295     -1.3658029      0.0028065     0.46103522      2.1731465      65.151709     0.21797236
          2.296     -1.3665164    0.042247643     0.47146315      2.2000274      62.646496     0.21776178
          2.297     -1.3653837    -0.12516416     0.47456361      2.1571671      59.971498      0.2181727
          2.298     -1.3614349   -0.061716874     0.46205019      2.1543595       61.97601      0.2196711
          2.299     -1.3579849   -0.022359992     0.44425747      2.0952196      63.245584     0.22102305
            2.3     -1.3565132  -0.0072314551     0.44574777       2.101312      62.617516     0.22146024
          2.301     -1.3574778    0.073119419     0.45443216      2.1410593      62.240162     0.22115584
          2.302     -1.3529302   0.0017625584     0.44091516      2.0976874       61.19236     0.22287995
          2.303     -1.3508695    0.027945364     0.43522428      2.0633647      61.373436     0.22361221
          2.304      -1.350374    0.044170268     0.43698266      2.0614534      60.878538     0.22380975
          2.305     -1.3476724    0.010501547     0.42593843      2.0714854      63.159154     0.22489367
          2.306     -1.3460327  -0.0057417845     0.42183005      2.0767586      63.507876     0.22562438
          2.307     -1.3417143     0.07535529     0.40589276      2.0810417      65.061384     0.22707139
          2.308     -1.3411087   -0.039790319     0.41337778      2.0488366      61.519808     0.22735715
          2.309      -1.337819  -0.0070380174     0.39879131      2.0172163      62.746752      0.2286165
           2.31     -1.3373519  -0.0082410758     0.40076561      1.9926387      62.994113     0.22889419
          2.311     -1.3354736    0.045575625     0.39509594      1.9902073      63.584637     0.22962155
          2.312     -1.3326387    0.020151466     0.38805321       1.987682      63.189109     0.23062209
          2.313     -1.3313571   -0.013121579     0.38891058      1.9563837      61.507597     0.23113832
          2.314     -1.3286748     0.05649048     0.37963632      1.9403845      60.247242     0.23225051
          2.315     -1.3253248   -0.028430553     0.36755468      1.8457711      59.552177     0.23346047
          2.316     -1.3235324    0.056094058     0.36482286      1.8645671      60.191578     0.23410908
          2.317     -1.3234488   -0.027860632      0.3673148      1.8733008      59.799346     0.23423622
          2.318     -1.3199018  -0.0099010774     0.35650008      1.8776886      59.037722     0.23553337
          2.319     -1.3183288    0.026800539     0.35217976      1.8529207      58.321147     0.23618922
           2.32     -1.3183339   -0.011922744     0.36076772       1.843024      57.142969     0.23618997
          2.321     -1.3154638   0.0093135774     0.34837462      1.8445695       59.15396     0.23725953
          2.322     -1.3139854   -0.034087557     0.34705833      1.8136842      57.242411     0.23782742
          2.323     -1.3122162    0.010401328     0.34316829      1.7783927      55.338536      0.2385086
          2.324      -1.308378  -0.0032955079     0.32763892       1.752717      55.553129     0.23996761
          2.325     -1.3092739   0.0084633451     0.33669582      1.8115301      57.337306     0.23968435
          2.326     -1.3084318  -0.0094063019     0.33857772      1.7689357      56.461841     0.24005147
          2.327     -1.3040302   0.0042370668      0.3212494       1.737232      55.367791     0.24171126
          2.328     -1.3031404    -0.02504047     0.32220673      1.7194513      54.031834      0.2420612
          2.329     -1.3019954    0.020099635     0.32263163      1.7174001      53.386582     0.24251404
           2.33     -1.2988553   0.0075417559     0.30758872      1.6869298      52.925476     0.24365678
          2.331     -1.2980768   -0.019224232     0.31301931      1.6815295      52.348392     0.24404853
          2.332     -1.2969689   0.0021276947     0.31012583      1.6722105      51.879929     0.24443557
          2.333     -1.2953852    0.010307336     0.30887592      1.6785241      51.530551     0.24508237
          2.334      -1.292674   -0.024101978     0.29915786       1.623534      50.081881     0.24613014
          2.335     -1.2911235    0.016374006     0.29796893      1.6217831      49.798201     0.24673619
          2.336     -1.2896377    0.019616268     0.29412933      1.6114061      49.269352     0.24734925
          2.337     -1.2881492     0.01946229     0.28785435      1.5991848      48.630254     0.24788198
          2.338     -1.2865753    0.020248283     0.28490588       1.600492      48.890787      0.2485388
          2.339     -1.2847529   0.0033703434     0.28252254      1.5773335      47.331276     0.24923534
           2.34     -1.2826385  -0.0096326442     0.27973833      1.5675022      46.648354      0.2500637
          2.341     -1.2825745    0.004696133     0.28339786      1.5569875      47.015056     0.25012061
          2.342     -1.2792564   -0.014892031     0.27140249      1.5315684      45.863088     0.25139938
          2.343     -1.2795623    0.031796627      0.2795046      1.5518197      46.290883     0.25131373
          2.344     -1.2770443   -0.022161769     0.26701026      1.5237564      45.499666     0.25230166
          2.345     -1.2745601    0.012536495     0.25888293      1.4991042      43.710956     0.25325158
          2.346     -1.2741631    0.012207099     0.26578671      1.4732317      42.723324     0.25346746
          2.347     -1.2729074  -0.0023136285     0.26365551      1.5049488      43.613733     0.25391705
          2.348     -1.2715944   -0.032410632     0.26097003       1.486966      42.641234     0.25443981
          2.349     -1.2704107   -0.001431541     0.25889172      1.4720371      42.936052     0.25493657
           2.35     -1.2682922   0.0038715471     0.25425142      1.4572559       40.74306     0.25576824
          2.351     -1.2677228   0.0098128462     0.25758293      1.4708396      42.066852     0.25603101
          2.352     -1.2641603   -0.010273017     0.24253101      1.4307527      39.776155     0.25737631
          2.353     -1.2633862    0.016047908      0.2394526      1.3970376      38.711881     0.25773112
          2.354     -1.2621964  -0.0049244068     0.24498967      1.4284117        39.6725     0.25819603
          2.355     -1.2610666   -0.022280179     0.24345442      1.4217934      39.732899     0.25864663
          2.356      -1.259064   0.0022572682     0.23523467      1.4065192      38.267651     0.25940402
          2.357      -1.257231    0.013786548     0.23169915       1.385483      37.067289     0.26014354
          2.358     -1.2564502   -0.024404123     0.23309237      1.3693509      36.322261     0.26046959
          2.359      -1.256211    -0.03579136     0.23583452      1.4045147      38.394854     0.26062338
           2.36     -1.2537827   0.0033680842     0.22763076      1.3809424      36.419901      0.2615723
          2.361     -1.2526048  -0.0088959299     0.22806841      1.3510489       35.27508     0.26202622
          2.362     -1.2515416  -0.0026046756     0.22792094      1.3769778      35.998323     0.26243994
          2.363     -1.2497615   0.0038770174     0.22128714       1.335508      34.355177      0.2631502
          2.364      -1.248194   -0.015994044      0.2188775      1.3200106      33.424494     0.26373692
          2.365     -1.2476805   0.0048505802     0.22093396      1.3411816      34.505753     0.26396884
          2.366      -1.246742    -0.01513098     0.22188983      1.3278233      34.045575     0.26438813
          2.367     -1.2442139  -0.0090190937     0.21593569      1.3063721      32.414315     0.26533528
          2.368     -1.2441699   0.0016361841     0.21624115      1.3274536      34.004208      0.2654065
          2.369     -1.2417147    0.012977392     0.21208502      1.2944482      31.546077     0.26637996
           2.37     -1.2410373   -0.022740887     0.21503842      1.3031693      32.068834     0.26666978
          2.371      -1.239775  -0.0017915146     0.21178629      1.2869412      31.154116     0.26719189
          2.372     -1.2376059  -0.0073352783     0.20634038      1.2859415      30.531258     0.26801242
          2.373     -1.2366216   0.0028712464     0.20479797       1.269344      29.959881       0.268424
          2.374      -1.235065   -0.011049983     0.20381453      1.2707973       30.18821     0.26905047
          2.375     -1.2344876    0.005191018     0.20310152       1.271551      30.435976     0.26929632
          2.376     -1.2327832   -0.013486082     0.20232688      1.2683703      29.534871     0.26995992
          2.377     -1.2316812   0.0054024186     0.20063177      1.2582492      28.841873     0.27043516
          2.378     -1.2306023   0.0077953563     0.20164219      1.2505492      29.258894     0.27085625
          2.379     -1.2290966   0.0049258075      0.1956148      1.2375613       28.04378     0.27146297
           2.38     -1.2282994  0.00037273064     0.19553328      1.2352847      27.613431     0.27180618
          2.381     -1.2266133   -0.013347862     0.19341605      1.2446046         27.812     0.27250912
          2.382     -1.2254653  -0.0030716835     0.19039434      1.2268542      26.831016     0.27296919
          2.383     -1.2236822   0.0014476852      0.1890275       1.210114      25.820656     0.27367103
          2.384     -1.2234085   0.0057504371     0.19399213      1.2296728      27.303597     0.27380588
          2.385     -1.2212601     0.01518465     0.18337136      1.2079575      25.396673     0.27464785
          2.386      -1.220646  0.00020118743     0.18632535      1.2072974      26.164562     0.27493814
          2.387     -1.2202439   0.0040302856     0.19008788      1.2205194       26.53431     0.27512797
          2.388     -1.2182322   -0.011612393     0.18123097      1.1935585      25.186579     0.27590752
          2.389     -1.2172511  0.00022348765     0.18403602      1.1891244      25.045696     0.27630188
           2.39     -1.2156977  -0.0027548221      0.1771821      1.1793984      24.244993     0.27692318
          2.391     -1.2148698   0.0018985595     0.17908965      1.1836787      24.183914     0.27729044
          2.392     -1.2135786   0.0054181566     0.17829792      1.1656793      23.641724     0.27780881
          2.393      -1.213179   0.0023513496     0.17955847      1.1735307      24.484175     0.27800472
          2.394     -1.2111681  -0.0056627413     0.17593923      1.1722389      23.284042     0.27880149
          2.395     -1.2100963  -0.0047097609     0.17700758      1.1553167       23.60161     0.27923982
          2.396     -1.2090598   0.0012247183      0.1751486      1.1612394      23.330059     0.27965862
          2.397     -1.2081404  -0.0017155556     0.17707205      1.1591852      23.516056     0.28005892
          2.398     -1.2068518  -0.0029777559     0.17168234      1.1458091      22.215416     0.28056829
          2.399     -1.2046928  -0.0090200937     0.16718325      1.1347572      21.512701     0.28143702
            2.4     -1.2043023  -0.0018434675     0.16945434      1.1392184      21.832098     0.28160281
