              T              E              M            |M|             Cv              X              A
            2.2     -1.5465312     0.78543886     0.78543886      1.4021273      4.3278395     0.15036886
          2.201     -1.5453052    -0.78407127     0.78407127      1.4073701      4.6982053      0.1508421
          2.202     -1.5436962     0.78232638     0.78232638      1.4273886      5.0996371     0.15142989
          2.203     -1.5426351     0.78180422     0.78180422      1.4078345      4.8335464     0.15181294
          2.204     -1.5405833     0.77820604     0.77820604      1.4642698      6.4858523     0.15266417
          2.205     -1.5391165      0.7772513      0.7772513      1.4462722      5.4551616     0.15318405
          2.206     -1.5378105     0.77680291     0.77680291      1.4524769      5.2814767     0.15359745
          2.207     -1.5365277    -0.77535612     0.77535612      1.4684211      5.5879216     0.15408711
          2.208     -1.5348912    -0.77335618     0.77335618      1.4621083      5.9007689     0.15480442
          2.209     -1.5332258    -0.77199017     0.77199017      1.4853273      5.6117671     0.15530708
           2.21     -1.5319501    -0.77013426     0.77013426      1.5003058      7.1538132     0.15587643
          2.211     -1.5303168    -0.76828277     0.76828277      1.5247172      6.7016625     0.15641078
          2.212     -1.5288513     0.76656093     0.76656093       1.523493      7.2335073     0.15697447
          2.213     -1.5272074    -0.76472677     0.76472677       1.525249      7.6773856     0.15749098
          2.214     -1.5246262     0.75985188     0.75985188      1.5601922      9.2867823     0.15848677
          2.215     -1.5240893     0.76167511     0.76167511      1.5336087      7.2657002     0.15867896
          2.216     -1.5227952    -0.76094987     0.76094987      1.5303179      6.9925368     0.15923623
          2.217      -1.520991     0.14933365     0.75754551      1.5920769      9.2739407     0.15988036
          2.218     -1.5198648    -0.75772357     0.75772357      1.5569301       7.440122     0.16024236
          2.219     -1.5181159      0.7545739      0.7545739      1.5924465      9.4519405     0.16101238
           2.22     -1.5164576     0.75147053     0.75147115      1.6351782      11.901294     0.16147656
          2.221      -1.514596     0.74988606     0.74989195      1.6297038       10.81223      0.1622444
          2.222     -1.5134664     0.75019295     0.75019295      1.5981155      9.2193161     0.16266359
          2.223     -1.5115354    -0.74709815     0.74709815      1.6285132      9.4029872     0.16340847
          2.224     -1.5110798     0.74959357     0.74959357      1.5713776      7.6616518     0.16355125
          2.225     -1.5085809     0.74416015     0.74435258       1.624563       10.55946     0.16453074
          2.226     -1.5074603      -0.743074       0.743074      1.6252894      10.552347     0.16489528
          2.227     -1.5054106     0.74119428     0.74119428      1.6372436      9.5865195     0.16558469
          2.228     -1.5036465    -0.73840379     0.73840379      1.6573768       11.46427     0.16621763
          2.229     -1.5020702    -0.60154522       0.735731      1.6626183      13.389795     0.16681038
           2.23     -1.4994381    -0.73056255     0.73056255      1.7029684      12.812068     0.16783941
          2.231     -1.4990073    -0.73254632     0.73254632      1.6897569       11.68576     0.16799035
          2.232     -1.4971966      0.7285178      0.7285178       1.712138      13.619008     0.16868226
          2.233     -1.4944123    -0.33297783      0.7221294      1.7991578       19.46845     0.16968586
          2.234     -1.4933333    -0.72381345     0.72381345      1.7440286      14.308125     0.17007093
          2.235     -1.4920383    -0.72216368      0.7223649      1.7495102      16.081141     0.17059039
          2.236     -1.4901449     0.72012227     0.72012227      1.7688491      16.215898     0.17134974
          2.237     -1.4884188     0.71661956     0.71661956      1.7923167      17.413915     0.17190766
          2.238     -1.4863544     0.71527142     0.71527142        1.76749      15.008523     0.17267155
          2.239     -1.4843945    -0.71163957     0.71163957      1.8174942      17.540312     0.17351072
           2.24     -1.4822272     0.59646239     0.70741811      1.8471742      19.116347     0.17423758
          2.241     -1.4819799    -0.70951195     0.70956726      1.8142388      18.470012     0.17438466
          2.242     -1.4786422     0.70282137     0.70282235      1.8490815      18.950519     0.17552014
          2.243     -1.4773817    -0.69816513     0.69925203      1.8669954      24.307431     0.17597268
          2.244     -1.4754455     0.59043898     0.69612606       1.895772       26.31557     0.17672811
          2.245     -1.4721064     0.53814951     0.68497177      1.9874516      33.655046     0.17798807
          2.246     -1.4698117    -0.44180542     0.68060977      1.9925044      36.212861     0.17879445
          2.247     -1.4700725    0.075863235     0.68822602      1.9114641      25.439395     0.17880543
          2.248      -1.466802    0.011435088     0.67829356      1.9601439      33.537781     0.18007494
          2.249     -1.4669401    -0.61214893     0.68612013      1.9306637       24.30275     0.17992124
           2.25     -1.4636122     0.14826125     0.67836195      1.9708953      27.873883     0.18118463
          2.251     -1.4629075     0.40682156     0.67681761      1.9549405      28.760823     0.18145754
          2.252     -1.4603879    -0.64999659     0.67427646      1.9463074      27.032891     0.18255992
          2.253     -1.4571949     0.35733114     0.65987406      2.1150725      44.728231     0.18361392
          2.254     -1.4555218    -0.15497021     0.65676662      2.1253011      46.989556     0.18431338
          2.255     -1.4527869    -0.11669596     0.65118086      2.1164404      45.743788     0.18522205
          2.256      -1.450669   -0.035297351      0.6491949      2.1111538      42.139009     0.18605561
          2.257     -1.4492618   -0.015822362     0.64993353      2.0541325      38.085983     0.18657133
          2.258     -1.4467748     0.18744841     0.64198246      2.1069928      44.204067     0.18743702
          2.259     -1.4446701     0.33750002     0.63553194      2.1459333      48.757418     0.18820363
           2.26     -1.4398513    -0.28732095     0.61756865      2.2645096      63.072725     0.19006194
          2.261     -1.4403932   -0.069080005     0.62986939      2.1580152      47.373795     0.18983344
          2.262     -1.4386637    -0.38666874     0.62537357      2.2007576      50.459883     0.19050027
          2.263     -1.4350339   -0.080261064     0.61568956      2.2462823      54.693734     0.19180045
          2.264     -1.4347643   -0.097190848     0.62150356      2.1487561      46.158303     0.19195908
          2.265       -1.43122      0.1595886     0.60981248      2.2285778      51.639779     0.19329758
          2.266     -1.4305154     0.20246391     0.61131535      2.1801917      51.383592     0.19359581
          2.267     -1.4266378    0.022140333     0.59031969      2.3378312      73.486385     0.19500917
          2.268     -1.4252262    0.042357571     0.59294892       2.302293      67.257979     0.19552646
          2.269     -1.4224153    -0.24429354     0.58826817      2.2325092      62.606628     0.19657246
           2.27      -1.419871    -0.18066649     0.57867735      2.2855936      69.132423     0.19746869
          2.271     -1.4189532   -0.038045851     0.57732875      2.3328314      73.418298     0.19792368
          2.272     -1.4172254    -0.12615612     0.57992861      2.2426609      61.479763     0.19854559
          2.273     -1.4133571    -0.14615421     0.55822706      2.3977366      86.401355     0.19993272
          2.274     -1.4099374   -0.042378706     0.54810075       2.403423      85.547509     0.20125286
          2.275     -1.4077025    -0.13953776     0.54106113      2.4042725      88.145572     0.20204521
          2.276     -1.4058405  -0.0093868447      0.5405854      2.3232966      81.370057     0.20279761
          2.277     -1.4031557    -0.16474003     0.53182386       2.378852       86.26049     0.20376829
          2.278     -1.4002317   -0.010862839     0.51822256      2.3971382      96.899765     0.20493648
          2.279     -1.3979078     -0.0452308     0.51529878      2.3826864      91.530889     0.20570333
           2.28     -1.3951583     0.25312668     0.50679865      2.3758907      95.108235     0.20683444
          2.281     -1.3929505  -0.0083596465     0.50381421      2.3122237      91.116124     0.20758322
          2.282     -1.3917659   -0.063598271     0.49949095      2.3588843      95.578087     0.20819556
          2.283     -1.3893657   -0.027630082     0.49244974      2.3614778      99.951822     0.20901188
          2.284     -1.3897495   -0.017859949     0.50358357      2.3410228      91.169178     0.20884697
          2.285     -1.3840246   0.0030539848     0.47382891      2.3515498      102.47977     0.21096768
          2.286     -1.3861674    0.092700365     0.49930698      2.3150383      88.354957     0.21023827
          2.287     -1.3771626   0.0054775915     0.44480042      2.3075715      105.32185     0.21358499
          2.288     -1.3800134   -0.036961005     0.47239521      2.3165481      98.295287     0.21262731
          2.289     -1.3753893     0.16207114     0.45059773      2.3146346      104.28615     0.21420796
           2.29     -1.3758021    0.044626794      0.4644488      2.2768795      96.491777     0.21415291
          2.291     -1.3712382    0.065145126     0.44521947      2.2414004      97.125404     0.21585541
          2.292      -1.370208  -0.0095254141     0.44295351       2.233502      100.13768     0.21619518
          2.293     -1.3679357    0.025121674     0.43922122      2.3084588      100.11975     0.21712791
          2.294     -1.3642849    0.037495874     0.42271866      2.2149622        100.917     0.21850269
          2.295     -1.3616817   0.0061595969      0.4111449      2.1934617      104.07996     0.21948504
          2.296     -1.3606997    -0.05261861     0.41318924      2.2377509      105.70769     0.21986293
          2.297     -1.3563077     0.06323779     0.39476199      2.2004149      104.15658     0.22145716
          2.298     -1.3559071   -0.062922915     0.39815803      2.1917936      102.13422      0.2216966
          2.299     -1.3522772    0.025795877     0.38163096      2.1170922      102.79035     0.22302998
            2.3     -1.3503261    0.025259467     0.37830786      2.1259626      103.45627     0.22373036
          2.301      -1.348057    0.032821944     0.36949303      2.0822377      99.720343     0.22458976
          2.302     -1.3471333   -0.055678092      0.3729781      2.0720255      99.571976     0.22495247
          2.303     -1.3456457    -0.01697453     0.36996349      2.0787833      100.86839     0.22561615
          2.304     -1.3429331     0.06379993     0.36240876      2.0473386      99.405984     0.22660661
          2.305     -1.3400433    0.035704429     0.35046501       2.012579      96.077666     0.22770875
          2.306     -1.3414997   0.0046609987      0.3694239      2.0486521       96.73012     0.22718961
          2.307     -1.3363452   0.0055610174     0.33932835      1.9898801      98.089633     0.22910063
          2.308     -1.3349506    0.017624309     0.33927702      1.9509414      92.775966     0.22968158
          2.309     -1.3327061   -0.014432723     0.33190004      1.8861666      92.325733       0.230466
           2.31     -1.3312458   -0.043562154     0.33101882      1.9104818      90.683684     0.23105838
          2.311     -1.3296402   -0.020881319     0.33118162      1.9292791      90.794449     0.23172193
          2.312     -1.3254029   0.0086494369     0.30260419      1.8346758      88.004604     0.23333994
          2.313     -1.3256928   0.0025532614     0.31505981      1.8714821      90.316162     0.23324714
          2.314     -1.3235937   -0.017131697     0.30637943      1.8602146      89.410152     0.23409219
          2.315     -1.3207337   -0.013175946     0.29685378      1.8230922      87.975488     0.23513696
          2.316     -1.3214935   -0.018064858     0.30923284      1.8378186      86.535993     0.23492119
          2.317     -1.3173042   -0.014312163     0.28560283       1.777626      85.813675     0.23645181
          2.318      -1.317724    0.011498572     0.30081478       1.831858      85.110508     0.23638636
          2.319     -1.3146796   0.0010132506      0.2850083      1.7737622      83.208604     0.23749828
           2.32     -1.3127642  -0.0055738684     0.28829635      1.7556016      80.855328     0.23825547
          2.321     -1.3104462   -0.005499988     0.26880217       1.733108      77.154683     0.23914056
          2.322     -1.3088484  -0.0068278172     0.26901462      1.7066098      77.286708     0.23977022
          2.323     -1.3077426    0.010249018     0.27188204      1.6996426      76.008528     0.24016101
          2.324     -1.3061115    0.012325462     0.26705969      1.7130803      76.837914     0.24082269
          2.325     -1.3038672   -0.023372152      0.2614657      1.6317698      71.532355     0.24168563
          2.326     -1.3028437   -0.034916263     0.26430526      1.6777064       74.80267     0.24212636
          2.327     -1.3004984    0.026191368     0.25449948      1.6223477      71.046966     0.24299622
          2.328     -1.2985082    0.022866647     0.24343651      1.5979304      68.736275     0.24378469
          2.329     -1.2970608   -0.031103804     0.24405994      1.6012417      68.211822     0.24432148
           2.33     -1.2955644    0.013121152     0.24051036      1.5773239       67.57588     0.24490194
          2.331     -1.2939038   -0.012291444     0.24066231      1.5855319        66.3246     0.24559671
          2.332     -1.2921616   -0.010082564     0.23000052      1.5699315      65.263304      0.2462427
          2.333     -1.2903834   -0.010846339     0.22975828      1.5474131      62.491022     0.24692507
          2.334     -1.2890562   0.0048015884     0.22845801      1.5228722      61.048417      0.2474693
          2.335     -1.2881262   -0.016831525     0.22475723      1.5316905      62.351806     0.24784558
          2.336     -1.2861048   -0.009367352     0.22365252      1.5206687      61.057668     0.24864566
          2.337     -1.2850687  -0.0066604883     0.22563402      1.5061956      59.311623     0.24905383
          2.338     -1.2842461   -0.007491922     0.22179332      1.5194332      60.341477      0.2494084
          2.339     -1.2816114  -0.0040108845     0.21140547      1.4716022      56.757344      0.2504197
           2.34     -1.2803765  -0.0061839164     0.21391728      1.4859427      56.636636     0.25086536
          2.341     -1.2791205   -0.010223867     0.21467242      1.4790176      56.820028     0.25141165
          2.342     -1.2774934   0.0061787822     0.20695884      1.4570257      55.077742     0.25202995
          2.343     -1.2758599  -0.0031338791     0.20474311      1.4355212      53.382811     0.25270338
          2.344     -1.2745034   0.0076071787     0.20175021      1.4409407      53.404103     0.25322105
          2.345     -1.2733573   -0.010693932     0.20570492      1.4415603      52.627971     0.25366937
          2.346     -1.2714999  -0.0085642342     0.19634859      1.4231397      49.916094     0.25439737
          2.347     -1.2700879   0.0047321907     0.19496709      1.4277093      50.755057     0.25497009
          2.348     -1.2690701   -0.012670988     0.20006152       1.415294      50.612622     0.25538245
          2.349     -1.2672905   0.0045411471     0.19206102      1.4057384      47.290452     0.25609335
           2.35     -1.2663142   0.0013320963       0.190873      1.3858235       46.58186     0.25646464
          2.351     -1.2643717   -0.011443755     0.18678688      1.3850504        46.5352     0.25726617
          2.352     -1.2631477   -0.011574103     0.18413683      1.3735305      44.915831     0.25775022
          2.353     -1.2619154    0.012405783     0.18588586      1.3723925      45.548497     0.25826041
          2.354     -1.2608195  -0.0073459328      0.1811833      1.3557426       44.02219     0.25862258
          2.355     -1.2589716  -0.0025794167     0.17944953      1.3583695      44.492634     0.25941503
          2.356     -1.2580674   -0.007211035     0.17855645      1.3407699      42.270393     0.25976793
          2.357     -1.2571482  9.3623737e-06     0.18262524      1.3526465      43.285439     0.26017409
          2.358     -1.2551583  -0.0037486039     0.17463358      1.3166471       41.08529     0.26091383
          2.359     -1.2540856   -0.011084073     0.18175339      1.3527522      43.573419     0.26137405
           2.36     -1.2527568   0.0055839236     0.17032174      1.3086632      39.472365     0.26190394
          2.361     -1.2508349 -0.00096244003     0.16411375      1.3254446      39.279304     0.26267226
          2.362     -1.2501018    0.013929626     0.17131003      1.2983361      39.574623     0.26298587
          2.363     -1.2485287   -0.011914327     0.16780304      1.2889238      37.401312     0.26360553
          2.364       -1.24716   0.0079567194     0.16712472      1.2775048      35.973521     0.26414959
          2.365     -1.2458682   0.0061491468     0.16494864      1.2937867      37.666388     0.26466269
          2.366     -1.2444022  -0.0026116878     0.16013292      1.2841028      35.879753     0.26526834
          2.367     -1.2439559  -0.0026796866     0.16253245        1.28909      37.537744     0.26546135
          2.368     -1.2422808  -0.0036646809     0.15840514      1.2658573      34.747363     0.26611763
          2.369     -1.2407297   -0.004835994     0.15617328      1.2555123      34.306561     0.26674084
           2.37     -1.2402838  -0.0038280221     0.16375724       1.259019      35.639607     0.26694476
          2.371     -1.2383622  -0.0012222535      0.1558133      1.2676317      34.078553     0.26770871
          2.372     -1.2374405   -0.004073869     0.15411895      1.2461684      33.472003      0.2680697
          2.373     -1.2360365   0.0004184678     0.15296463      1.2457091      33.263293     0.26866412
          2.374     -1.2349794  -0.0074482326     0.15350301      1.2417921      32.860111     0.26906493
          2.375     -1.2335209  -0.0076696547     0.14869128      1.2283405      30.596213     0.26966074
          2.376     -1.2318402   0.0048839426     0.14568659      1.2398069      31.170653     0.27032074
          2.377     -1.2308786  -0.0070165609     0.14864392       1.232378      31.124388     0.27071781
          2.378     -1.2305168   -0.012693498     0.14993741      1.2162995      32.289986     0.27090048
          2.379     -1.2281944  -0.0013467547     0.14519055      1.2055913      29.237172     0.27181752
           2.38     -1.2272543  -0.0057768018     0.14757663      1.2122332      29.998295     0.27220225
          2.381     -1.2264397   0.0060146881     0.14435196      1.2102065      30.348228     0.27256662
          2.382     -1.2246857   0.0043628797     0.14366227      1.1996267      29.049737     0.27324646
          2.383     -1.2240804  -0.0047362601     0.14815077      1.1966426       30.44738      0.2735203
          2.384     -1.2230376  -0.0062434495     0.14143368      1.1896122      27.453841     0.27393267
          2.385     -1.2214379   -0.004276327     0.13796601      1.1909266      28.215964     0.27456943
          2.386     -1.2204029  -0.0075578744     0.14006054      1.1823038       27.81103     0.27499971
          2.387     -1.2189468   0.0024033557     0.13719515      1.1783445      26.644701     0.27558931
          2.388     -1.2177706    0.001054351     0.13684837      1.1771255      26.947892     0.27609083
          2.389     -1.2165328  -0.0034326907     0.13603316         1.1727      26.455648     0.27657981
           2.39      -1.215439   0.0046251818     0.13623043      1.1686292      25.865135     0.27702724
          2.391     -1.2142553   0.0060834981     0.13402708      1.1580862      25.484375     0.27751448
          2.392     -1.2128596   0.0009739738     0.13102719      1.1459363      25.150401     0.27807264
          2.393     -1.2117366   0.0091802689     0.12943138      1.1483551      24.019385     0.27854428
          2.394     -1.2110574   0.0061439075     0.13154421      1.1517054      24.894473      0.2788206
          2.395     -1.2094598  -0.0074821395     0.13010799      1.1558785      24.353993     0.27948498
          2.396      -1.208525  0.00096581787     0.13079459      1.1403108      24.300429     0.27984995
          2.397     -1.2071784   0.0018518602     0.13064493      1.1400422      24.274004     0.28041161
          2.398     -1.2063442  -0.0068988892     0.12794477      1.1420574      23.881599     0.28076075
          2.399      -1.205293   0.0094691689     0.12628053      1.1279874      22.985436     0.28122873
            2.4     -1.2039246 -0.00042499211     0.12669477      1.1275993      23.267323     0.28173517
