              T              E              M            |M|             Cv              X              A
            2.2     -1.5475646    0.088828909     0.78815105       1.350515      3.2162327     0.15004179
          2.201     -1.5473463   -0.065566576     0.78968719      1.3270838      2.9510877     0.15010357
          2.202     -1.5449275      0.1648081     0.78696462      1.3511915      3.1256778     0.15094212
          2.203     -1.5443763    -0.10609268     0.78732064      1.3446296      3.0400523     0.15107305
          2.204     -1.5417967    -0.14364968     0.78456401      1.3601548      3.1800758      0.1520757
          2.205      -1.542048     -0.1745426      0.7847919       1.359643      3.1892916     0.15208882
          2.206     -1.5403279    0.088355869     0.78336347      1.3602069      3.1999029     0.15269099
          2.207     -1.5389328    -0.12542609     0.78230776       1.367178      3.2402541     0.15320429
          2.208     -1.5363882     0.18984966     0.77912354       1.385781       3.409008     0.15411903
          2.209     -1.5362758   -0.028751944      0.7796806      1.3735448      3.4014459     0.15425277
           2.21     -1.5343917    -0.19656687     0.77886243      1.3779491      3.2947885     0.15488519
          2.211     -1.5332328   -0.056456379     0.77743438      1.3814254      3.4160836      0.1553409
          2.212     -1.5307549    0.069313247     0.77452628       1.409337      3.6432968     0.15619655
          2.213     -1.5298387    -0.16021627      0.7738217      1.4131478      3.6088928     0.15650859
          2.214     -1.5286552      0.1448541     0.77317758      1.4067042      3.6349612     0.15701144
          2.215     -1.5276624   -0.046200692     0.77282593      1.4058156      3.5699331     0.15732511
          2.216     -1.5268882   -0.070943076      0.7723915      1.4008824      3.5371972     0.15770929
          2.217     -1.5250062    0.034569015     0.77092566      1.4089114      3.5577281     0.15842776
          2.218     -1.5217191   -0.057001808      0.7663067      1.4293857       3.859081      0.1595589
          2.219     -1.5218636   -0.043088515     0.76740473      1.4187338      3.7983716     0.15955249
           2.22     -1.5188955    0.092989646     0.76366816      1.4420274      3.9868406     0.16054243
          2.221     -1.5186075   -0.041704616     0.76424706      1.4313244      3.8382539     0.16071172
          2.222     -1.5169482   -0.046450152     0.76303732      1.4382025      3.8940206     0.16137275
          2.223     -1.5168323     0.10530787      0.7634887      1.4288345      3.8613584     0.16142017
          2.224     -1.5136597   -0.074247268     0.75946488      1.4506949      4.0524304     0.16255425
          2.225     -1.5133206   -0.040560611     0.75939358      1.4503047      4.0526142     0.16273002
          2.226     -1.5112186      0.1225018     0.75667305      1.4630786      4.2184961     0.16351517
          2.227     -1.5087893   -0.091736429     0.75427353      1.4799037      4.3229838     0.16435046
          2.228     -1.5084064    0.019961879     0.75543435      1.4686351      4.1370471     0.16450854
          2.229     -1.5075883    0.023125232     0.75408351      1.4636598      4.2711422     0.16487255
           2.23     -1.5054107      0.0468175     0.75227454       1.488035      4.2865051     0.16560972
          2.231     -1.5068569    -0.05343096     0.75629115      1.4474099      3.9773003      0.1650787
          2.232     -1.5029962  -0.0062075657     0.75031189      1.4787746      4.3312496     0.16655254
          2.233      -1.499793    0.028706061     0.74721817      1.4924144      4.3750764     0.16773117
          2.234     -1.4996513     0.10607846      0.7465833      1.4960374      4.5543471     0.16778108
          2.235     -1.4977121    0.051580439     0.74561685      1.4941176      4.4393929      0.1685284
          2.236     -1.4961133    0.018816015     0.74297706      1.5074062      4.6606735     0.16908095
          2.237     -1.4957399       0.056071     0.74432833       1.496148      4.4601446     0.16934554
          2.238     -1.4922672   -0.034206702      0.7385753      1.5311531      4.8897147     0.17050684
          2.239     -1.4914722   -0.024468773     0.73895876      1.5147485      4.7580037      0.1707734
           2.24     -1.4929768    0.024440848     0.74193205       1.495444       4.561963     0.17037101
          2.241     -1.4891297   -0.013684697     0.73750694      1.5165542      4.7113488     0.17179759
          2.242     -1.4891792     0.03292296     0.73896129      1.5016634      4.5667024     0.17174581
          2.243     -1.4858927     0.01691052     0.73291957      1.5330878      5.0254142     0.17297095
          2.244     -1.4855121   -0.022975808     0.73314479      1.5261624      4.9751066     0.17306287
          2.245     -1.4843428    0.091691253     0.73350424      1.5261186      4.7919274     0.17351146
          2.246     -1.4812402     0.10615112     0.72882926      1.5459175      5.0973606     0.17469459
          2.247     -1.4804369     0.13451396     0.72978221      1.5361689      4.9208717     0.17499921
          2.248     -1.4802418  -0.0039698485     0.73059251       1.525751      4.8339378      0.1750891
          2.249     -1.4781102    0.044954192     0.72825644      1.5332973      4.8985373     0.17586658
           2.25     -1.4755596   -0.047525389     0.72408233      1.5645568       5.264301     0.17678369
          2.251      -1.473503    0.042243707     0.72288455      1.5498132      5.1470445     0.17755855
          2.252     -1.4715083   -0.064310798     0.71960758       1.566699       5.384742     0.17837781
          2.253     -1.4720952    0.045541444     0.72222244       1.542485       5.067146     0.17815531
          2.254     -1.4687977   0.0092328687     0.71798005      1.5642038        5.34005     0.17928856
          2.255     -1.4683465   -0.046221692     0.71650832      1.5652797       5.499939     0.17952926
          2.256     -1.4656129  -0.0063163889     0.71399403      1.5716966      5.5130466     0.18057525
          2.257     -1.4659651      0.1082811     0.71578748      1.5714007      5.3858878     0.18044921
          2.258     -1.4624758     0.11291592     0.71042203      1.5890501      5.6565438     0.18169988
          2.259     -1.4624157    0.032411697     0.71341453      1.5544103      5.2552631     0.18177249
           2.26     -1.4605182   -0.012034348     0.70944671      1.5890002      5.6344812     0.18252725
          2.261     -1.4584029     0.04826596     0.70738407      1.5873375      5.7008512     0.18334508
          2.262     -1.4570264   -0.025544202     0.70568136      1.5984715       5.809112     0.18380276
          2.263     -1.4547417    0.064769657     0.70270203       1.598539      5.9301668     0.18463625
          2.264     -1.4532821    -0.02603347     0.70140148      1.6068466      5.9088673     0.18517922
          2.265     -1.4511506    0.046351035     0.69937406      1.5984831      5.9487924     0.18601064
          2.266     -1.4524458   -0.010443354     0.70299097      1.5858513      5.7250406     0.18563793
          2.267     -1.4482984   -0.014038409      0.6946786      1.6249117      6.2869912      0.1870952
          2.268      -1.446872    0.035318626     0.69513294      1.6068869      6.0401514     0.18765263
          2.269     -1.4472599  -0.0028092626     0.69638431      1.6057026      6.0295153     0.18756641
           2.27     -1.4441863   0.0095082071     0.69372275      1.5932622      5.9559631     0.18867208
          2.271     -1.4425764    0.039176318     0.68984157      1.6158428       6.303566     0.18929468
          2.272      -1.438036   -0.071583889     0.68371242       1.644425      6.5756645     0.19090925
          2.273     -1.4392015   -0.018235869     0.68696639      1.6171847       6.279096     0.19062071
          2.274     -1.4358944   -0.057998253     0.68253652      1.6390369      6.5161416     0.19172017
          2.275      -1.436182    0.025741525     0.68440858      1.6150976      6.3470691     0.19169091
          2.276     -1.4323234   -0.021428869     0.67857323      1.6467397      6.6705985     0.19316704
          2.277     -1.4328486    0.038931682     0.68099349       1.640877      6.4683449     0.19299627
          2.278     -1.4298937   0.0081223535     0.67735894      1.6274295      6.5234602      0.1940229
          2.279     -1.4293776   -0.011901298     0.67770602      1.6336533      6.5332396     0.19423581
           2.28     -1.4289433   -0.013795798     0.67707482      1.6331978      6.5337183     0.19444664
          2.281     -1.4268981    -0.11053454      0.6769314      1.6191444      6.3355066     0.19531259
          2.282     -1.4242723    0.058651106      0.6707651      1.6580146      6.8362319     0.19623067
          2.283      -1.422915   -0.040413212     0.67087829      1.6455174      6.6477406      0.1967087
          2.284     -1.4208772    0.033169298      0.6681345      1.6389319      6.7701084     0.19752295
          2.285     -1.4199813  -0.0050173737     0.66723044      1.6464448      6.8310717     0.19790434
          2.286     -1.4150944    0.021776237     0.65950037      1.6644955      7.2189705     0.19962103
          2.287     -1.4178462    0.072176722     0.66587303      1.6356049       6.779692      0.1987598
          2.288     -1.4158363    0.070933182     0.66356837      1.6357131      6.8474865     0.19944547
          2.289     -1.4143598  -0.0033114293     0.66264341      1.6414652      6.8204294     0.20005513
           2.29     -1.4112479    0.010470889      0.6585312      1.6511103      6.9487705     0.20117003
          2.291     -1.4088604   -0.029337394     0.65436235       1.657685      7.1436296     0.20205931
          2.292     -1.4083662   -0.022758571     0.65475727      1.6660627      7.1429384      0.2023489
          2.293       -1.40862    0.018332374     0.65582943      1.6475887      7.0532282     0.20237207
          2.294     -1.4036972   -0.017803268     0.64910449      1.6535959      7.2477525     0.20405537
          2.295     -1.4036879     0.01347349     0.65042837      1.6472001      7.1404239     0.20417202
          2.296      -1.399976    0.019713631     0.64357778      1.6764064      7.4887922     0.20550216
          2.297     -1.3999832    0.056705157     0.64570517      1.6605775      7.2908487     0.20552389
          2.298     -1.3969809   0.0071360202     0.64127368      1.6640055      7.4772092     0.20654673
          2.299     -1.3972236   -0.055992293     0.64295594      1.6682285      7.4125971     0.20659036
            2.3     -1.3966286   -0.057381545     0.64294913       1.657638      7.3438487     0.20680914
          2.301     -1.3916834   -0.034741227     0.63511849       1.666782       7.627695     0.20862901
          2.302     -1.3934382    0.060369803     0.63975879        1.66105      7.3974674     0.20801497
          2.303     -1.3888719   -0.035856298     0.63206935       1.674271      7.6794437      0.2097329
          2.304     -1.3889819   -0.014028268     0.63366778      1.6688008      7.6337176     0.20972086
          2.305     -1.3863741    0.010278485     0.63010276      1.6695166      7.6783435     0.21064767
          2.306     -1.3838768     0.02269604     0.62678362      1.6763079      7.8292164     0.21165284
          2.307     -1.3843233   -0.018162152     0.62869982      1.6599396      7.6519931     0.21158015
          2.308     -1.3802158    0.025444869     0.62168379      1.6646704      7.8899759     0.21314468
          2.309     -1.3786166   -0.029029823     0.62031725      1.6758653      7.9111159      0.2137137
           2.31     -1.3778596    0.014863808     0.62072961      1.6551442      7.8509089     0.21390636
          2.311     -1.3768102  -0.0046301667     0.61988323       1.672751      7.8455224     0.21439479
          2.312     -1.3744062   -0.012767369     0.61656362      1.6536764       7.922042     0.21525008
          2.313     -1.3731013   -0.028424828     0.61496194      1.6652654      7.9774911     0.21575813
          2.314     -1.3732074   -0.032828919     0.61702386      1.6507778      7.8022379     0.21583036
          2.315     -1.3694672   0.0086703333     0.61007054      1.6704857      8.1224098      0.2171714
          2.316     -1.3665829    0.020303848     0.60773099      1.6680732      8.0986637     0.21830277
          2.317     -1.3647368    0.032834687     0.60474505      1.6614027       8.148991     0.21899069
          2.318     -1.3648776    0.017954722     0.60563934      1.6601964      8.1275688     0.21897566
          2.319     -1.3597513    -0.02054499     0.59595552      1.6694025      8.5286953     0.22079905
           2.32     -1.3619929   0.0032599747     0.60201071      1.6719498      8.2904814     0.22016647
          2.321     -1.3602862   -0.022330596     0.60087229      1.6704794      8.2369285     0.22073881
          2.322     -1.3583215     0.04135554     0.59828555      1.6592585      8.2589939     0.22150959
          2.323     -1.3562283   -0.056895343     0.59574205      1.6641767      8.3078832     0.22231942
          2.324     -1.3573437   0.0067766061     0.59852275      1.6580551       8.194664     0.22197919
          2.325     -1.3537115   0.0093681566     0.59412852      1.6556192      8.2632276     0.22332889
          2.326     -1.3544556    0.031327217     0.59563629      1.6465754      8.2274142     0.22297643
          2.327      -1.350023    0.033135136     0.58930988      1.6551385      8.3654278     0.22473248
          2.328      -1.348605    0.036144035     0.58597322      1.6423539      8.4780888     0.22538763
          2.329     -1.3477523    0.047346025     0.58692539      1.6450091      8.3953304     0.22557316
           2.33     -1.3431702  -0.0092863788     0.57892911      1.6560745      8.6574886     0.22739538
          2.331     -1.3441137  -0.0010851313     0.58154491      1.6495529      8.5415157     0.22706282
          2.332     -1.3412735  -0.0066023434     0.57746301      1.6536463      8.5895275     0.22815596
          2.333     -1.3412964   0.0079797727     0.58053446      1.6454184      8.4342012     0.22806247
          2.334     -1.3382821  -0.0060484242       0.573633      1.6426932      8.7123843     0.22923508
          2.335     -1.3355771    0.040714758     0.57078596      1.6358603      8.7061913      0.2302479
          2.336     -1.3358557  -0.0065413889     0.57277774      1.6279272      8.5612221     0.23033364
          2.337      -1.331358  -0.0081385657     0.56480529      1.6493732      8.8766122     0.23189657
          2.338     -1.3321038   -0.011663263     0.56814774      1.6309029      8.6189399     0.23172145
          2.339     -1.3295289    0.014394278     0.56344582      1.6243427      8.7410489     0.23259414
           2.34     -1.3275135    0.044070631     0.56151607      1.6293735      8.7892727     0.23339115
          2.341      -1.329665   -0.012599641     0.56725834      1.6161679      8.5242338     0.23261477
          2.342     -1.3245318   -0.031539672     0.55800348      1.6309039      8.8375087     0.23458416
          2.343     -1.3256563  -0.0092370253     0.56044608      1.6208926      8.7814822     0.23430309
          2.344     -1.3208232    -0.01132398     0.55354994      1.6179769      8.8522271     0.23602026
          2.345     -1.3185602   -0.010841177     0.54897041       1.634168      9.0792537     0.23689247
          2.346     -1.3187561     0.01469947     0.55322881      1.6077234      8.7038724      0.2368968
          2.347     -1.3162823   0.0081164343     0.54820915      1.6036293       8.851251     0.23796809
          2.348     -1.3133255   -0.019273515     0.54227362      1.6216374      9.1442042      0.2389678
          2.349     -1.3168524    0.028591576     0.55093279      1.6115266      8.8079551     0.23774889
           2.35     -1.3137465   0.0099072929     0.54645126      1.6066143      8.8216279     0.23892384
          2.351     -1.3129375    0.026449631     0.54622702      1.6013799      8.8087765     0.23929218
          2.352      -1.306812   0.0048561566     0.53467415      1.5898523      9.0540371     0.24148593
          2.353     -1.3075987  -0.0016633788     0.53897069      1.5857801      8.8310524     0.24119922
          2.354     -1.3068496   0.0039170253     0.53857627      1.5742796      8.8213554      0.2415023
          2.355      -1.302851    0.019981909     0.53236641      1.5836967      8.9110528     0.24307085
          2.356     -1.3053463   0.0061436667     0.53755444      1.5795573      8.8584611     0.24222917
          2.357     -1.3032254   0.0023853636     0.53472587      1.5817146      8.8890517     0.24308062
          2.358     -1.2980605   -0.037013955     0.52676735       1.577481      9.0047229     0.24498824
          2.359     -1.2985313   -0.031281914     0.52826762      1.5625414      8.8585932      0.2448404
           2.36     -1.2944497  -0.0035697172     0.51972261       1.569187      9.1494663       0.246373
          2.361     -1.2925195  -0.0046084545     0.51780545      1.5567132      9.0349273     0.24708733
          2.362     -1.2924481   -0.015744359     0.51989649        1.54889      8.9582999     0.24719651
          2.363     -1.2900141    -0.01478904     0.51560618      1.5581531      9.0585467     0.24812976
          2.364     -1.2913437   0.0047906111     0.52087512      1.5503455      8.8377298     0.24774513
          2.365      -1.289341   -0.015453601     0.51677844      1.5494746      8.9449733     0.24847925
          2.366     -1.2871807    0.011349934     0.51474272      1.5436552      8.9407303     0.24927122
          2.367      -1.285479    0.034865965     0.51306795      1.5444727      8.9618624     0.25001351
          2.368     -1.2836139   0.0056021667     0.50836319      1.5376509      9.1023228     0.25064719
          2.369     -1.2839451   -0.010739056     0.51119192      1.5365408      8.9508724     0.25061799
           2.37      -1.282411    0.010824071     0.50972128      1.5412276      8.9876141     0.25125839
          2.371     -1.2812301   -0.014638631     0.51055895      1.5270442        8.83055     0.25164661
          2.372     -1.2781584    0.027168636     0.50356979      1.5270423      8.9969967     0.25291244
          2.373     -1.2745163    0.018888838     0.49818453      1.5243986      8.9882007     0.25433685
          2.374     -1.2752275    0.016678864     0.50013108      1.5281444      9.0462837      0.2540357
          2.375     -1.2731009 -0.00016426263     0.49614229      1.5112449      9.0879152     0.25490153
          2.376     -1.2722293   -0.010868545     0.49464313      1.5104473      9.1123668     0.25523774
          2.377      -1.271481  -0.0036867576     0.49575893      1.5118425      9.0106355     0.25560905
          2.378     -1.2694733   0.0058946414     0.49469327      1.5000748      8.9295114     0.25633087
          2.379     -1.2677123    0.018162854     0.49136043      1.4976296      8.9946983     0.25701837
           2.38     -1.2654839   0.0013179949     0.48781001      1.4906571      9.0060603     0.25797888
          2.381     -1.2617134   0.0029125303     0.47965662      1.4976602      9.2207149     0.25936397
          2.382     -1.2634769   -0.014215409      0.4859727      1.4887209      9.0120073     0.25867217
          2.383     -1.2609561   -0.018057217     0.48046115      1.4831182      9.0918872     0.25977969
          2.384     -1.2598457  -0.0034048232     0.48064363      1.4713399      8.9960488     0.26011623
          2.385     -1.2593423   -0.012083828     0.48079977      1.4728858      9.0191659     0.26042288
          2.386      -1.258099    0.016641934     0.48018627       1.475375      8.9686421      0.2607845
          2.387      -1.254187  -0.0035225556     0.47281461       1.459641       8.992347     0.26237324
          2.388      -1.254528     -0.0250835     0.47579543      1.4716185      8.9717968      0.2622821
          2.389     -1.2525343    0.001006303     0.47303438      1.4555528      8.9248091     0.26301638
           2.39     -1.2509662   0.0031719798     0.46972183      1.4590598      9.0254884     0.26379811
          2.391     -1.2509323  -0.0090540404     0.47123851      1.4500754      8.9619989     0.26370551
          2.392     -1.2479654   0.0074826818     0.46713842      1.4326829      8.8707703     0.26488638
          2.393     -1.2463939   0.0056682172     0.46513407      1.4362302      8.8603755     0.26559898
          2.394     -1.2446327  -0.0024960556     0.46215298       1.429917       8.950973     0.26618666
          2.395     -1.2433279   0.0039523889     0.46102303      1.4327061      8.9516155     0.26676818
          2.396     -1.2418131  -0.0083655354      0.4594468      1.4246512      8.8308766     0.26736182
          2.397     -1.2404484   -0.009503096     0.45696618      1.4151968      8.8633264     0.26792887
          2.398     -1.2387901    0.012312263     0.45557435      1.4099725      8.8653036     0.26856922
          2.399     -1.2382747    0.018248247     0.45493641      1.4113575      8.8598791      0.2687868
            2.4     -1.2355444    -0.01376997     0.45070004      1.4105731      8.8478859     0.26990919
