Sun 1988500
0.000000000000000E+00 0.000000000000000E+00 0.000000000000000E+00
0.000000000000000E+00 0.000000000000000E+00 0.000000000000000E+00
Earth 5.97219
-1.663457613546699E-01 9.691203921746886E-01 -4.125583172010008E-05
-1.723919408870981E-02 -2.981520896064708E-03 4.254600200473125E-07
Jupyter 1898.13
5.261470562232079E-01 -5.201022508399864E+00 9.830503793253315E-03
7.423674451944973E-03 1.116865602956755E-03 -1.707572410053752E-04
Mercury 0.3302
-6.333487572394930E-02 -4.608453269808703E-01 -3.184761165078634E-02
2.222816779156590E-02 -2.399853089908365E-03 -2.235205883702246E-03
Venus 4.8685
7.232002999670082E-01 5.254837930328842E-02 -4.101276234678778E-02
-1.547265569012768E-03 2.008132769363285E-02 3.648328693612742E-04
Mars 0.64171
-1.320107604952232E+00 -8.857574644771996E-01 1.382907562643052E-02
8.320854741090488E-03 -1.042277973806052E-02 -4.225617660650718E-04
Saturn 568.34
3.797244866040094E+00 -9.288096505203059E+00 1.033317176571431E-02
4.863508513301117E-03 2.097206392769673E-03 -2.303054782838117E-04
Uranus 86.813
1.622549696932565E+01 1.137903567010707E+01 -1.678873902475392E-01
-2.280097293712969E-03 3.037887411682148E-03 4.074765947142335E-05
Neptune 102.4
2.924281358757302E+01 -6.367188613676754E+00 -5.428996901354922E-01
6.545263007224224E-04 3.087626414835625E-03 -7.892744895737219E-05
Pluto 0.01307
1.297671019650969E+01 -3.137017180006011E+01 -3.965604661998776E-01
2.976602060639467E-03 5.376699780750989E-04 -9.039013018324525E-04
