              T              E              M            |M|             Cv              X              A
              1     -1.9963333     0.17463889     0.99879444    0.029279556   0.0035608532      0.0019825
           1.01        -1.9964     0.22514444         0.9987    0.028181708   0.0041517228      0.0018725
           1.02     -1.9949333    -0.10093889     0.99831667    0.038860678   0.0049235283      0.0025575
           1.03     -1.9941333     0.27883889     0.99800556      0.0441094   0.0059068823       0.002905
           1.04     -1.9942889    -0.26516111     0.99808333    0.042121322     0.00555211       0.003065
           1.05     -1.9938444     0.13496111     0.99791667     0.04452869   0.0060257937      0.0030275
           1.06     -1.9935111         0.0055     0.99777778    0.046050808   0.0064383881      0.0032125
           1.07     -1.9925333   -0.013977778     0.99754444    0.051978626   0.0067687361      0.0037375
           1.08     -1.9924889    -0.14800556     0.99751667    0.051323064   0.0068187233      0.0036975
           1.09        -1.9922    0.094494444     0.99746111       0.052316    0.006795917      0.0039775
            1.1        -1.9916   -0.030461111     0.99716111    0.055303934   0.0078191783        0.00425
           1.11        -1.9922    -0.15788333        0.99735    0.050447723    0.007271991      0.0038975
           1.12     -1.9913556  -0.0010222222         0.9972      0.0548921    0.007253746      0.0045775
           1.13     -1.9885111   -0.044311111     0.99614444    0.071566397    0.010252198      0.0055175
           1.14     -1.9877111   -0.073622222     0.99603333    0.075182398    0.010042257       0.005775
           1.15        -1.9892   -0.061644444     0.99638889    0.064978026   0.0094039184        0.00557
           1.16     -1.9883556    0.087211111         0.9962    0.068826682   0.0095670651       0.005985
           1.17     -1.9876667   -0.035677778         0.9958     0.07163286    0.010936843      0.0063975
           1.18     -1.9870889       -0.03365     0.99571667    0.073701596    0.010775848      0.0065375
           1.19     -1.9855111    0.074444444     0.99508889    0.081259374    0.012505296       0.007165
            1.2     -1.9852667   0.0060444444     0.99508889    0.081248877    0.012197381        0.00716
           1.21     -1.9820222    0.050183333     0.99403889    0.097349512    0.014584091      0.0087375
           1.22     -1.9831111    0.014877778         0.9944    0.090009522    0.013594812      0.0082525
           1.23        -1.9838   -0.026516667     0.99471667    0.084969423     0.01251085      0.0082675
           1.24     -1.9820667  -0.0045666667     0.99394444    0.092468944     0.01472042      0.0090375
           1.25     -1.9792889   -0.024622222     0.99316667     0.10494278    0.016081689       0.010395
           1.26     -1.9806889    0.065027778     0.99370556    0.096370127    0.014521488        0.00982
           1.27     -1.9782222        0.11265     0.99268333      0.1068418    0.017250463       0.010985
           1.28        -1.9758    0.053638889     0.99188333     0.11673428    0.018934749        0.01221
           1.29     -1.9746667    0.032866667     0.99162222     0.12024491    0.019110531      0.0126125
            1.3     -1.9761333  -0.0085055556     0.99197222      0.1116301    0.018494015      0.0120175
           1.31     -1.9746889    0.021705556     0.99181667     0.11650037    0.017954978        0.01295
           1.32     -1.9741333    0.087766667     0.99133333     0.11722738     0.01957037      0.0129875
           1.33     -1.9721778    0.043916667     0.99072778     0.12447995    0.020685458       0.013865
           1.34     -1.9692889    -0.13970556     0.98959444     0.13472722    0.023350089        0.01519
           1.35     -1.9687111   -0.026705556     0.98950556     0.13519623    0.023138699       0.015655
           1.36     -1.9659111        -0.0135     0.98864444      0.1449302    0.024653419       0.016965
           1.37     -1.9677778   -0.079133333     0.98925556     0.13512957    0.023199031      0.0163425
           1.38     -1.9637556  -0.0081333333     0.98803333     0.14968309    0.025365923        0.01796
           1.39     -1.9622222   -0.033155556     0.98737778     0.15365102    0.026863666      0.0185725
            1.4        -1.9608     0.10913889     0.98678333     0.15722681    0.028175517      0.0197325
           1.41     -1.9577778  -0.0073055556     0.98599444      0.1666707    0.029128321      0.0209875
           1.42     -1.9581333   -0.030411111     0.98608889     0.16298015     0.02878195      0.0207725
           1.43     -1.9587556    0.035061111     0.98623889     0.15837559    0.028398038        0.02055
           1.44     -1.9575333   -0.053483333     0.98586111     0.16035863    0.028865996      0.0218475
           1.45     -1.9526889   -0.024711111     0.98433333     0.17576006    0.031522146        0.02368
           1.46     -1.9554667    0.036488889     0.98494444     0.16358104    0.030764071      0.0230975
           1.47        -1.9504    0.042544444     0.98362222     0.17940232    0.032406928       0.024715
           1.48     -1.9494222    0.017772222     0.98319444     0.18021609    0.033208156        0.02588
           1.49     -1.9462444        -0.0627     0.98214444     0.18849863    0.034968117       0.027205
            1.5     -1.9422889         0.0137     0.98065556     0.19943207    0.037920632       0.028535
           1.51     -1.9401556   -0.018883333     0.98012778     0.20446818    0.038357867      0.0293575
           1.52     -1.9391778    0.013066667     0.97975556     0.20435248    0.038833761      0.0306325
           1.53     -1.9366222    0.069327778     0.97890556     0.21033682     0.04019469      0.0317675
           1.54     -1.9366889        -0.0174     0.97875556     0.20680372    0.040487175      0.0310025
           1.55        -1.9384        -0.0526         0.9795     0.19909797    0.038557061       0.031305
           1.56     -1.9281778    0.026116667     0.97598333      0.2280616    0.044895669      0.0361425
           1.57     -1.9292222    0.087338889        0.97655     0.22187324     0.04316373       0.035635
           1.58     -1.9241778 -0.00082222222     0.97458889     0.23433903    0.046930655       0.037445
           1.59     -1.9218667  -0.0021222222     0.97374444     0.23843231     0.04828674      0.0386625
            1.6     -1.9213778  -0.0081944444     0.97361667     0.23645259    0.048100077       0.039705
           1.61     -1.9179778 -0.00085555556     0.97268889     0.24317498    0.049023307       0.040475
           1.62     -1.9201333  -0.0035166667     0.97352778     0.23400766    0.047041973      0.0401575
           1.63     -1.9104667   -0.017333333     0.97028889     0.25792031     0.05231227       0.044245
           1.64     -1.9121333    0.037505556     0.97078333     0.25013468    0.051258124      0.0446075
           1.65     -1.9059778         0.0004     0.96847778     0.26394668    0.055301588        0.04656
           1.66        -1.9058  -0.0077944444     0.96882778     0.26175985    0.053702713        0.04774
           1.67     -1.9021111   -0.023561111     0.96713889     0.26768975    0.056927831      0.0486975
           1.68     -1.9062222    0.019116667     0.96857222      0.2538504    0.054123189       0.046945
           1.69     -1.8999556    0.029661111     0.96656111     0.26658263    0.056912969        0.05023
            1.7        -1.8982    0.040411111     0.96587778     0.26868602    0.057940148       0.050565
           1.71     -1.8946889  -0.0091388889     0.96489444     0.27355595    0.058774113      0.0527675
           1.72     -1.8920889   -0.040783333     0.96372778     0.27714631    0.060848562      0.0543375
           1.73        -1.8866        0.05105     0.96248333     0.28688102      0.0614149       0.056325
           1.74     -1.8855333   -0.014133333     0.96207778     0.28585553    0.061751506      0.0567875
           1.75     -1.8856222    0.011344444         0.9621     0.28262451    0.061402491      0.0566675
           1.76     -1.8790889    0.023561111     0.95986111     0.29476936    0.064627481      0.0597725
           1.77     -1.8740222   -0.052788889     0.95817778      0.3025619    0.066769144      0.0620925
           1.78     -1.8701333    0.035538889     0.95672778     0.30739831    0.068782181       0.064165
           1.79     -1.8682667  -0.0092111111     0.95624444     0.30846824    0.068930866        0.06562
            1.8     -1.8688667  -0.0052166667     0.95627222     0.30365383    0.068781712        0.06512
           1.81     -1.8602667   0.0076666667     0.95365556     0.31846421    0.071803495       0.069445
           1.82     -1.8577333        -0.0247     0.95228889     0.32044463    0.074264432       0.071575
           1.83     -1.8614889  -0.0083888889     0.95366667     0.30955863    0.071713175      0.0698025
           1.84        -1.8568  -0.0024722222     0.95211667     0.31551195    0.073487845      0.0725325
           1.85     -1.8527333  -0.0086944444     0.95099444     0.32002763    0.074272937      0.0737575
           1.86     -1.8474444   -0.016944444     0.94962222     0.32709513     0.07517532       0.075815
           1.87     -1.8501556    0.022211111     0.94998889     0.31874832    0.075172905      0.0766875
           1.88     -1.8450889    0.032194444     0.94841667     0.32548953    0.076803177       0.077095
           1.89     -1.8411778        -0.0104         0.9474      0.3288423    0.077260238        0.07915
            1.9     -1.8388889   0.0018666667         0.9463     0.32974932    0.078888138      0.0810625
           1.91     -1.8287778  -0.0010388889     0.94313889     0.34528129    0.082437772      0.0854525
           1.92     -1.8290667   -0.022377778     0.94338889     0.34136721     0.08145987      0.0845475
           1.93     -1.8245556   -0.029655556     0.94152222     0.34556313    0.084023753        0.08838
           1.94     -1.8195333    0.017416667     0.93992778     0.35106884    0.085577767      0.0901775
           1.95     -1.8146222   0.0086611111     0.93846111     0.35638726    0.086824316      0.0930425
           1.96         -1.814    0.028583333     0.93802778     0.35325975     0.08721315       0.092065
           1.97     -1.8073556    0.029705556     0.93537222      0.3614274    0.090881952      0.0965225
           1.98     -1.8070222   -0.010405556     0.93569444     0.35770003    0.089283538        0.09613
           1.99     -1.8043778    0.014633333     0.93511111     0.35949569    0.089247323        0.09836
              2     -1.8001333  -0.0070666667     0.93302222     0.36263109     0.09238351      0.1002175
           2.01     -1.7979333   0.0021388889     0.93280556     0.36207262    0.091362998       0.100935
           2.02     -1.7914222   -0.010066667     0.93083333     0.36925114    0.093089934      0.1038025
           2.03     -1.7944889   -0.025288889     0.93132222     0.36124651    0.092873621      0.1026525
           2.04     -1.7881778  0.00047777778     0.92972222     0.36688689    0.093540154      0.1059575
           2.05     -1.7817778  -0.0084555556     0.92714444     0.37194914     0.09666745        0.10855
           2.06     -1.7774222   -0.018611111     0.92562222     0.37592109    0.098233337       0.111605
           2.07     -1.7763111       -0.00565     0.92507222     0.37465617     0.09875415      0.1124125
           2.08     -1.7770444   -0.013744444     0.92593333     0.36861207    0.096213068        0.11223
           2.09     -1.7633778    0.023538889        0.92075     0.38518545     0.10267941      0.1177875
            2.1     -1.7577778    0.011883333     0.91917222     0.38852664     0.10345541      0.1216125
           2.11          -1.76    0.013988889     0.92041111     0.38302025     0.10103012       0.120675
           2.12     -1.7561333   -0.011261111     0.91846111     0.38471198     0.10366618      0.1218125
           2.13     -1.7576222    0.014544444     0.91933333     0.37927779     0.10170809      0.1223925
           2.14     -1.7488889    0.011288889     0.91681111     0.38769896     0.10351329      0.1256825
           2.15     -1.7465333   0.0088111111     0.91561111     0.38684135     0.10486959        0.12665
           2.16     -1.7392222       -0.00905     0.91367222     0.39174236     0.10565898      0.1297925
           2.17     -1.7352444    0.012616667     0.91209444     0.39380185     0.10728695        0.13205
           2.18     -1.7264667        -0.0231         0.9095      0.4009217     0.10904949      0.1360325
           2.19     -1.7244889    0.012238889        0.90825     0.39981028     0.11067731        0.13658
            2.2     -1.7192667    0.015705556     0.90700556     0.40366383     0.11094814        0.13939
           2.21     -1.7201111  -0.0013611111     0.90678333      0.3977132     0.11117564      0.1397825
           2.22     -1.7166222    0.020061111        0.90555     0.39943307     0.11218975       0.141605
           2.23     -1.7115778    0.039655556     0.90361111     0.40115324     0.11390785         0.1435
           2.24     -1.7057556  -0.0049833333     0.90196111     0.40415797      0.1146469      0.1468175
           2.25     -1.6993556   0.0024611111     0.89972778     0.40859183      0.1165895      0.1495825
           2.26        -1.7028    0.015561111     0.90091667     0.40071436     0.11479202        0.14893
           2.27     -1.6952889  -0.0084111111     0.89852222     0.40527429     0.11645039        0.15228
           2.28     -1.6951556   0.0016555556     0.89876667     0.40166451     0.11529558      0.1528225
           2.29     -1.6800444  -0.0079611111     0.89356111     0.41428619     0.11998289       0.157545
            2.3     -1.6893111    0.021644444     0.89714444     0.40109655     0.11544669      0.1560325
           2.31     -1.6809556  -0.0029388889     0.89341667     0.40688025      0.1197566       0.160925
           2.32     -1.6828444   0.0025333333     0.89444444     0.40133366      0.1177533      0.1605275
           2.33     -1.6810222   0.0078833333     0.89357222     0.40031671     0.11848033       0.160565
           2.34     -1.6709778   -0.018883333     0.88981667     0.40721255     0.12197753      0.1639225
           2.35         -1.668    0.019172222     0.88971667     0.40696416     0.12045641      0.1675225
           2.36     -1.6562667    0.023277778     0.88546667     0.41512868     0.12422581      0.1697575
           2.37     -1.6598222    0.038811111     0.88763333     0.40861699     0.12059327      0.1709075
           2.38     -1.6538444  -0.0066333333     0.88493333     0.40922934     0.12312548         0.1721
           2.39     -1.6521111    0.017294444     0.88360556     0.40801961     0.12479702      0.1751575
            2.4          -1.64   -0.018344444     0.88146667     0.41691358     0.12395345        0.17835
           2.41     -1.6455333    0.021772222     0.88263889     0.40697038     0.12303593      0.1783275
           2.42     -1.6376444   -0.011061111     0.87989444     0.41247077     0.12528869        0.18255
           2.43     -1.6330889    0.042916667     0.87836111     0.41204093     0.12592791        0.18348
           2.44     -1.6272222   0.0039055556     0.87676111      0.4144742     0.12642706      0.1852125
           2.45     -1.6225556        -0.0039     0.87472222     0.41415493     0.12804523      0.1885175
           2.46     -1.6155111  -0.0074055556     0.87190556     0.41673568     0.13039771       0.192375
           2.47     -1.6233778   -0.019772222     0.87469444     0.40715314     0.12745149      0.1895175
           2.48     -1.6099778    0.030888889     0.86962222     0.41502948     0.13177683      0.1955075
           2.49     -1.6067333   -0.027633333     0.86912222     0.41407733     0.13091282      0.1965675
            2.5     -1.6088222  -0.0016833333     0.86971667     0.40914628     0.13004645       0.195275
           2.51     -1.6050444   -0.028322222     0.86812222     0.40891704     0.13118624       0.198505
           2.52     -1.5890667   0.0061833333     0.86343889     0.41847962     0.13360398        0.20528
           2.53     -1.5917778         0.0063     0.86483333     0.41251085     0.13133417        0.20447
           2.54     -1.5829778    0.019733333     0.86103333      0.4166155     0.13483716      0.2076175
           2.55     -1.5760444   0.0099111111     0.85965556     0.41840695     0.13424504      0.2101725
           2.56     -1.5742889   -0.016572222     0.85819444     0.41708241     0.13592807      0.2129775
           2.57     -1.5857111   -0.015077778     0.86265556     0.40603407     0.13140139      0.2084425
           2.58     -1.5739333 -0.00072222222     0.85845556     0.41008518     0.13411482      0.2130725
           2.59     -1.5649556   0.0080722222     0.85578333     0.41376359     0.13526194      0.2163125
            2.6     -1.5564222  -0.0040888889     0.85282222      0.4163017     0.13697407      0.2217725
           2.61        -1.5538   -0.020994444     0.85237222     0.41534916     0.13636089        0.22256
           2.62     -1.5476889    0.020683333     0.84930556     0.41693581     0.13926983      0.2251525
           2.63     -1.5499111   0.0023888889     0.85191111     0.41215509     0.13479123       0.224785
           2.64     -1.5391111  0.00087777778     0.84607778     0.41553368     0.14073595         0.2306
           2.65     -1.5402889   0.0055777778     0.84767778     0.41127432      0.1376992       0.228045
           2.66     -1.5385111   -0.022761111     0.84669444     0.40967406     0.13834614      0.2306175
           2.67     -1.5321333   -0.025822222     0.84472222     0.41039257      0.1389512        0.23464
           2.68     -1.5243556   0.0035166667     0.84326111     0.41290199     0.13828711      0.2372225
           2.69     -1.5249333        0.00435     0.84273889     0.40827425     0.13870227       0.236665
            2.7     -1.5229111    0.010855556     0.84111111     0.40607686     0.14023685      0.2384325
           2.71     -1.5166444    0.012277778     0.83952222      0.4087639      0.1405366      0.2411425
           2.72     -1.5185111    0.019377778         0.8405     0.40457493     0.13898493        0.24229
           2.73     -1.5084667       -0.00165     0.83669444     0.40619862     0.14119767        0.24667
           2.74     -1.5052889   -0.033805556     0.83642778     0.40590266     0.14014147       0.247305
           2.75     -1.4950889  -0.0088944444     0.83219444      0.4090113     0.14323178      0.2519975
           2.76     -1.4981778    0.016244444     0.83366667     0.40565533     0.14155378      0.2504975
           2.77        -1.4882   0.0036111111     0.83021111     0.40688929     0.14307992      0.2547575
           2.78     -1.4889778   0.0094611111     0.83039444     0.40274581     0.14239498       0.254655
           2.79     -1.4856667    0.014672222     0.82900556     0.40188767     0.14307019         0.2573
            2.8     -1.4793556       -0.00565     0.82738333     0.40244695     0.14304069      0.2604275
           2.81     -1.4735556   0.0031666667     0.82556667     0.40216232     0.14340959      0.2631425
           2.82     -1.4733778   0.0083055556     0.82518333     0.40060702     0.14367647      0.2643575
           2.83         -1.464         0.0023     0.82193333     0.40181609      0.1450617      0.2677375
           2.84        -1.4538   0.0013055556     0.81888333     0.40486841     0.14607915      0.2715675
           2.85     -1.4589111        -0.0064     0.82066667     0.39859678     0.14430503      0.2710375
           2.86     -1.4567111   0.0054777778     0.81987778      0.3958865     0.14412647      0.2711575
           2.87     -1.4574889  -0.0012611111     0.81933889     0.39477286      0.1451071       0.272205
           2.88     -1.4438889   -0.016316667        0.81525     0.39867669     0.14645555        0.27782
           2.89     -1.4429556       -0.00425     0.81457222     0.39568031     0.14657037        0.27772
            2.9     -1.4368667    0.010905556     0.81292778     0.39516595     0.14646143      0.2798075
           2.91     -1.4338222        -0.0202     0.81294444     0.39412669      0.1449625       0.282015
           2.92     -1.4327333  -0.0097166667     0.81293889     0.39249999     0.14421587       0.282245
           2.93     -1.4220222   -0.013088889     0.80837778     0.39500235     0.14721704        0.28832
           2.94     -1.4224889    0.012783333     0.80881667     0.39246653     0.14626839        0.28847
           2.95     -1.4225556   -0.019911111     0.80857778     0.38986607     0.14617217      0.2892175
           2.96     -1.4200444   0.0070611111     0.80803889     0.38856749     0.14571072       0.290165
           2.97        -1.4104    0.017561111        0.80395     0.38882133      0.1479543        0.29509
           2.98     -1.4034889   0.0030055556     0.80272778     0.38758867     0.14673796        0.29765
           2.99          -1.41    0.023916667     0.80471667     0.38271011     0.14549309        0.29579
              3     -1.4012889  -0.0018388889     0.80140556     0.38456815     0.14722477       0.299885
           3.01     -1.3956444  -0.0091722222     0.80021667     0.38404233     0.14660828      0.3014675
           3.02     -1.3940222  -0.0047666667     0.79887778     0.38276676     0.14766721        0.30352
           3.03        -1.3916  -0.0013055556        0.79885     0.38111223     0.14642803       0.304575
           3.04     -1.3860444  -0.0035055556     0.79556111     0.38005575     0.14877451       0.307575
           3.05     -1.3892444   0.0020444444     0.79797778     0.37611867     0.14579719       0.306395
           3.06     -1.3810889   -0.014155556     0.79392222     0.37767721     0.14869826        0.31003
           3.07     -1.3729333   0.0081833333     0.79198333     0.37809474      0.1483513       0.312445
           3.08     -1.3674667   0.0038888889     0.79028889     0.37753763     0.14851245      0.3159675
           3.09     -1.3724667  -0.0068888889     0.79174444     0.37287778     0.14748171        0.31506
            3.1     -1.3587556  -0.0081333333     0.78757778     0.37431611     0.14832132       0.320015
           3.11     -1.3632222   -0.015316667     0.78948333     0.37105703     0.14673378        0.31943
           3.12     -1.3500667         -0.004     0.78455556     0.37283037     0.14888935       0.324435
           3.13     -1.3532444         -0.001     0.78627778     0.37012004      0.1471857      0.3236375
           3.14     -1.3408222  -0.0088611111     0.78159444     0.37223786     0.14932288       0.329195
           3.15        -1.3464  -0.0095833333     0.78428333     0.36797462     0.14690961      0.3266025
           3.16         -1.336   0.0032555556     0.77984444     0.36959604     0.14935074       0.332375
           3.17     -1.3396222    0.011038889     0.78106111     0.36608145     0.14835147       0.330255
           3.18     -1.3398222  -0.0023888889     0.78076667      0.3634828      0.1482922      0.3308525
           3.19     -1.3380444  -0.0036833333     0.78171667     0.36059803     0.14578843      0.3328875
            3.2     -1.3233333 -0.00011666667     0.77602778     0.36395399     0.14861847      0.3387125
           3.21     -1.3275778  -0.0072722222     0.77746111       0.361135     0.14769996        0.33765
           3.22     -1.3148667  -0.0038055556        0.77285     0.36105135     0.14910985      0.3415325
           3.23        -1.3212  -0.0093555556     0.77555556     0.35996703      0.1476398      0.3400025
           3.24     -1.3143778         0.0027     0.77316667     0.35821519     0.14793138        0.34315
           3.25     -1.3070667   0.0026777778     0.77121111     0.35840802     0.14787703       0.344925
           3.26     -1.3064667  -0.0037611111     0.76992778     0.35497943     0.14859931      0.3474025
           3.27     -1.3018667    0.014927778     0.76782778     0.35548775     0.14973694       0.349265
           3.28     -1.2954222   -0.012111111     0.76671111      0.3542258     0.14861608      0.3519425
           3.29     -1.3010444   0.0093944444     0.76917222     0.34962107     0.14652372      0.3512175
            3.3     -1.2879111   0.0015666667     0.76407778     0.35210957     0.14884395        0.35641
           3.31     -1.2837778   -0.017305556     0.76350556     0.35110756     0.14790982       0.357435
           3.32     -1.2733333   0.0059444444     0.75911111      0.3511395     0.14973934      0.3625125
           3.33     -1.2817778   -0.010033333     0.76308889      0.3473428     0.14694136      0.3597075
           3.34        -1.2784   -0.020888889         0.7612     0.34597635     0.14781384       0.362855
           3.35        -1.2664    0.013561111     0.75817222     0.34719455     0.14767482      0.3654375
           3.36     -1.2725778        -0.0014     0.75851111     0.34281747     0.14842567       0.364345
           3.37     -1.2616222  -0.0041611111     0.75587222     0.34441262      0.1482413      0.3684225
           3.38     -1.2550444  -0.0066611111     0.75319444     0.34250944     0.14883079       0.371165
           3.39     -1.2559556   -0.010877778     0.75322222     0.34104127     0.14877831      0.3723175
            3.4     -1.2522667  -0.0099555556     0.75165556     0.34002513     0.14917978       0.374155
           3.41     -1.2480444  0.00090555556     0.75063889     0.33824063     0.14858864        0.37673
           3.42     -1.2439333   0.0029222222     0.75074444     0.33759557     0.14696491       0.378785
           3.43     -1.2504667   -0.016227778     0.75108333     0.33459218     0.14805824      0.3744925
           3.44     -1.2510889   -0.010694444     0.75270556     0.33353574     0.14612844       0.377075
           3.45     -1.2335333       -0.00555     0.74651667     0.33347839     0.14757369      0.3831775
           3.46     -1.2348889   0.0012777778     0.74668889     0.33178689     0.14743755       0.382225
           3.47     -1.2265333  -0.0062166667     0.74457222     0.33248692     0.14731154        0.38576
           3.48     -1.2281556   0.0011388889     0.74501667     0.32924889     0.14661258        0.38594
           3.49     -1.2327333   0.0013722222        0.74645     0.32565019     0.14565254      0.3837425
            3.5     -1.2205111   0.0020888889     0.74218889     0.32684893     0.14683186      0.3881725
           3.51     -1.2165556   0.0056666667     0.74164444     0.32745525     0.14631487      0.3915525
           3.52     -1.2203111  -0.0059055556     0.74162778     0.32348941     0.14663752      0.3921825
           3.53     -1.2103333  -0.0069166667     0.73921667     0.32443667     0.14638382       0.393305
           3.54     -1.2075556        0.00395     0.73821667     0.32263633     0.14621474      0.3953975
           3.55     -1.2072444   0.0095944444     0.73831667     0.32072111      0.1455739       0.394755
           3.56        -1.2028 -0.00035555556     0.73722222      0.3201984     0.14527223      0.3997125
           3.57           -1.2  -0.0030444444     0.73636667     0.31784043     0.14480886        0.40015
           3.58     -1.1879111 -0.00076111111     0.73117222     0.31830761     0.14681684      0.4035825
           3.59     -1.1988889  -0.0083166667     0.73612778     0.31491544     0.14405671       0.400995
            3.6     -1.1936667    0.012627778     0.73333889     0.31517281     0.14551872        0.40386
           3.61     -1.1874444   0.0014666667     0.73183333     0.31336576     0.14482361      0.4071025
           3.62     -1.1842667   0.0065222222     0.73001111     0.31007099     0.14504653      0.4094825
           3.63     -1.1812444   0.0066166667     0.73066111     0.31104784      0.1436589      0.4102975
           3.64     -1.1779333    0.012861111     0.72746111     0.31069307     0.14594969      0.4098475
           3.65     -1.1754889  -0.0043277778     0.72812778     0.30858515     0.14402977       0.412665
           3.66     -1.1763556  -0.0046277778     0.72809444     0.30609349     0.14374394      0.4138025
           3.67     -1.1605111   0.0010555556     0.72311111     0.30706873     0.14444358      0.4177275
           3.68     -1.1648222        0.00465        0.72395     0.30622187     0.14464282      0.4170925
           3.69     -1.1622444  -0.0047611111     0.72401667     0.30415923     0.14333319      0.4185325
            3.7     -1.1537333 -1.1111111e-05     0.71996667     0.30426409     0.14500084        0.42205
           3.71        -1.1648   -0.011816667        0.72375     0.30116248     0.14364162        0.41803
           3.72     -1.1501556   0.0029555556     0.71961111     0.30134119     0.14362469      0.4254675
           3.73     -1.1507111  -0.0062833333     0.71996111     0.29965397     0.14302997      0.4244525
           3.74     -1.1522222    0.015344444     0.71976667     0.29835491     0.14334801         0.4254
           3.75     -1.1470667   0.0013222222     0.71753333     0.29695186     0.14376453        0.42596
           3.76     -1.1328889  -0.0030222222     0.71312222     0.29717648     0.14413833      0.4316225
           3.77     -1.1368667   0.0083888889     0.71552222     0.29494982     0.14236387        0.43204
           3.78     -1.1349556  -0.0033833333     0.71452778     0.29343719     0.14243686        0.43397
           3.79     -1.1332667  -0.0037333333     0.71422222     0.29169511      0.1418387      0.4334525
            3.8     -1.1254444  -0.0027444444     0.71072222     0.29170739     0.14304857      0.4362225
           3.81     -1.1252667 -0.00083333333     0.71167778     0.29124365      0.1419519        0.43673
           3.82     -1.1228667  0.00076111111     0.71129444     0.28895815     0.14110144       0.437915
           3.83     -1.1230889   0.0040166667     0.70972778     0.28784835     0.14239667       0.438765
           3.84         -1.119  -0.0052222222     0.70972222      0.2865955     0.14096057      0.4399525
           3.85     -1.1148667   -0.010772222     0.70670556     0.28635298     0.14262976       0.441715
           3.86     -1.1122667   0.0068833333     0.70759444     0.28464793     0.14065238        0.44238
           3.87     -1.1075778   0.0031111111     0.70528889     0.28366776     0.14130442      0.4457925
           3.88     -1.1095111   0.0064777778     0.70774444     0.28044266     0.13872626      0.4444175
           3.89     -1.0987778  -0.0017111111         0.7032     0.28097992     0.14020427       0.447385
            3.9     -1.0989111   -0.012044444     0.70274444     0.27979105     0.14036492      0.4509625
           3.91         -1.092  0.00067222222     0.70088333     0.27940465     0.14012935      0.4514625
           3.92     -1.0926444   0.0027444444     0.70053333     0.27841273     0.14037159      0.4534675
           3.93     -1.0913556  -0.0018166667     0.70026111      0.2766217      0.1398286      0.4531775
           3.94     -1.0843333    0.018844444     0.69753333     0.27567463     0.14021153      0.4579625
           3.95     -1.0818222  -0.0022333333     0.69746667     0.27438754     0.13928126      0.4588275
           3.96     -1.0832667 -9.4444444e-05     0.69869444     0.27289732     0.13817168        0.45752
           3.97     -1.0794444   0.0084666667     0.69666667     0.27150162      0.1386454        0.45945
           3.98     -1.0739778    0.010944444     0.69334444     0.27185468     0.14026927       0.462275
           3.99     -1.0788889        -0.0085     0.69663333      0.2696574     0.13805269       0.461165
              4         -1.076  -0.0038777778          0.696     0.26826711     0.13751178      0.4621325
