              x              y              z             vx             vy             vz
      1.0000000    0.062831853      0.0000000    -0.19622892      6.2708559      0.0000000
     0.99607542     0.12541712      0.0000000    -0.58676937      6.2340604      0.0000000
     0.98826461     0.18751306      0.0000000    -0.97274594      6.1732280      0.0000000
     0.97662050     0.24888168      0.0000000     -1.3527275      6.0888710      0.0000000
     0.96121006     0.30929048      0.0000000     -1.7253386      5.9815796      0.0000000
     0.94211373     0.36851327      0.0000000     -2.0892626      5.8520157      0.0000000
     0.91942481     0.42633079      0.0000000     -2.4432440      5.7009068      0.0000000
     0.89324885     0.48253140      0.0000000     -2.7860902      5.5290408      0.0000000
     0.86370301     0.53691161      0.0000000     -3.1166725      5.3372601      0.0000000
     0.83091540     0.58927661      0.0000000     -3.4339278      5.1264569      0.0000000
     0.79502445     0.63944075      0.0000000     -3.7368580      4.8975676      0.0000000
     0.75617824     0.68722796      0.0000000     -4.0245311      4.6515686      0.0000000
     0.71453383     0.73247212      0.0000000     -4.2960806      4.3894717      0.0000000
     0.67025663     0.77501739      0.0000000     -4.5507050      4.1123201      0.0000000
     0.62351973     0.81471852      0.0000000     -4.7876676      3.8211844      0.0000000
     0.57450328     0.85144108      0.0000000     -5.0062955      3.5171595      0.0000000
     0.52339382     0.88506171      0.0000000     -5.2059790      3.2013611      0.0000000
     0.47038370     0.91546830      0.0000000     -5.3861707      2.8749226      0.0000000
     0.41567041     0.94256017      0.0000000     -5.5463844      2.5389930      0.0000000
     0.35945601     0.96624816      0.0000000     -5.6861945      2.1947339      0.0000000
     0.30194652     0.98645484      0.0000000     -5.8052349      1.8433173      0.0000000
     0.24335131      1.0031145      0.0000000     -5.9031981      1.4859242      0.0000000
     0.18388255      1.0161733      0.0000000     -5.9798349      1.1237419      0.0000000
     0.12375461      1.0255893      0.0000000     -6.0349534     0.75796289      0.0000000
    0.063183486      1.0313326      0.0000000     -6.0684182     0.38978296      0.0000000
   0.0023862468      1.0333850      0.0000000     -6.0801507    0.020399867      0.0000000
   -0.058419529      1.0317406      0.0000000     -6.0701282    -0.34898819      0.0000000
    -0.11901632      1.0264052      0.0000000     -6.0383837    -0.71718392      0.0000000
    -0.17918720      1.0173969      0.0000000     -5.9850064     -1.0829923      0.0000000
    -0.23871644      1.0047454      0.0000000     -5.9101411     -1.4452221      0.0000000
    -0.29739002     0.98849246      0.0000000     -5.8139889     -1.8026870      0.0000000
    -0.35499622     0.96869166      0.0000000     -5.6968073     -2.1542076      0.0000000
    -0.41132617     0.94540831      0.0000000     -5.5589109     -2.4986125      0.0000000
    -0.46617444     0.91871941      0.0000000     -5.4006715     -2.8347405      0.0000000
    -0.51933960     0.88871350      0.0000000     -5.2225192     -3.1614420      0.0000000
    -0.57062482     0.85549057      0.0000000     -5.0249425     -3.4775816      0.0000000
    -0.61983845     0.81916187      0.0000000     -4.8084900     -3.7820398      0.0000000
    -0.66679462     0.77984977      0.0000000     -4.5737699     -4.0737159      0.0000000
    -0.71131385     0.73768755      0.0000000     -4.3214519     -4.3515306      0.0000000
    -0.75322366     0.69281916      0.0000000     -4.0522673     -4.6144287      0.0000000
    -0.79235920     0.64539898      0.0000000     -3.7670094     -4.8613827      0.0000000
    -0.82856385     0.59559151      0.0000000     -3.4665347     -5.0913960      0.0000000
    -0.86168989     0.54357106      0.0000000     -3.1517627     -5.3035070      0.0000000
    -0.89159910     0.48952137      0.0000000     -2.8236762     -5.4967927      0.0000000
    -0.91816341     0.43363520      0.0000000     -2.4833215     -5.6703737      0.0000000
    -0.94126553     0.37611389      0.0000000     -2.1318073     -5.8234184      0.0000000
    -0.96079956     0.31716683      0.0000000     -1.7703047     -5.9551478      0.0000000
    -0.97667162     0.25701094      0.0000000     -1.4000456     -6.0648412      0.0000000
    -0.98880047     0.19587001      0.0000000     -1.0223215     -6.1518409      0.0000000
    -0.99711805     0.13397412      0.0000000    -0.63848082     -6.2155583      0.0000000
     -1.0015701    0.071558845      0.0000000    -0.24992687     -6.2554792      0.0000000
     -1.0021166   0.0088645347      0.0000000     0.14188577     -6.2711696      0.0000000
    -0.99873237   -0.053864546      0.0000000     0.53545501     -6.2622815      0.0000000
    -0.99140749    -0.11638110      0.0000000     0.92923583     -6.2285588      0.0000000
    -0.98014766    -0.17843572      0.0000000      1.3216455     -6.1698424      0.0000000
    -0.96497458    -0.23977794      0.0000000      1.7110697     -6.0860759      0.0000000
    -0.94592626    -0.30015724      0.0000000      2.0958692     -5.9773105      0.0000000
    -0.92305720    -0.35932415      0.0000000      2.4743870     -5.8437097      0.0000000
    -0.89643852    -0.41703143      0.0000000      2.8449572     -5.6855530      0.0000000
    -0.86615805    -0.47303521      0.0000000      3.2059131     -5.5032399      0.0000000
    -0.83232026    -0.52709623      0.0000000      3.5555972     -5.2972920      0.0000000
    -0.79504611    -0.57898105      0.0000000      3.8923712     -5.0683553      0.0000000
    -0.75447283    -0.62846334      0.0000000      4.2146263     -4.8172009      0.0000000
    -0.71075358    -0.67532507      0.0000000      4.5207944     -4.5447249      0.0000000
    -0.66405695    -0.71935783      0.0000000      4.8093591     -4.2519473      0.0000000
    -0.61456640    -0.76036402      0.0000000      5.0788674     -3.9400092      0.0000000
    -0.56247960    -0.79815802      0.0000000      5.3279406     -3.6101696      0.0000000
    -0.50800759    -0.83256741      0.0000000      5.5552860     -3.2638002      0.0000000
    -0.45137388    -0.86343402      0.0000000      5.7597072     -2.9023791      0.0000000
    -0.39281344    -0.89061499      0.0000000      5.9401152     -2.5274838      0.0000000
    -0.33257157    -0.91398370      0.0000000      6.0955376     -2.1407823      0.0000000
    -0.27090269    -0.93343064      0.0000000      6.2251275     -1.7440231      0.0000000
    -0.20806902    -0.94886416      0.0000000      6.3281721     -1.3390247      0.0000000
    -0.14433925    -0.96021113      0.0000000      6.4040988    -0.92766389      0.0000000
   -0.079987047    -0.96741744      0.0000000      6.4524813    -0.51186279      0.0000000
   -0.015289623    -0.97044839      0.0000000      6.4730434   -0.093576007      0.0000000
    0.049473822    -0.96928896      0.0000000      6.4656625     0.32522314      0.0000000
     0.11402363    -0.96394392      0.0000000      6.4303702     0.74255654      0.0000000
     0.17808123    -0.95443783      0.0000000      6.3673528      1.1564553      0.0000000
     0.24137068    -0.94081482      0.0000000      6.2769489      1.5649737      0.0000000
     0.30362020    -0.92313835      0.0000000      6.1596471      1.9662027      0.0000000
     0.36456362    -0.90149076      0.0000000      6.0160806      2.3582831      0.0000000
     0.42394182    -0.87597269      0.0000000      5.8470219      2.7394179      0.0000000
     0.48150406    -0.84670241      0.0000000      5.6533752      3.1078843      0.0000000
     0.53700932    -0.81381501      0.0000000      5.4361686      3.4620438      0.0000000
     0.59022743    -0.77746153      0.0000000      5.1965443      3.8003521      0.0000000
     0.64094021    -0.73780796      0.0000000      4.9357491      4.1213677      0.0000000
     0.68894241    -0.69503418      0.0000000      4.6551238      4.4237589      0.0000000
     0.73404268    -0.64933279      0.0000000      4.3560916      4.7063098      0.0000000
     0.77606425    -0.60090798      0.0000000      4.0401470      4.9679247      0.0000000
     0.81484562    -0.54997429      0.0000000      3.7088444      5.2076321      0.0000000
     0.85024113    -0.49675534      0.0000000      3.3637865      5.4245863      0.0000000
     0.88212135    -0.44148256      0.0000000      3.0066127      5.6180686      0.0000000
     0.91037339    -0.38439397      0.0000000      2.6389884      5.7874869      0.0000000
     0.93490112    -0.32573283      0.0000000      2.2625944      5.9323750      0.0000000
     0.95562528    -0.26574647      0.0000000      1.8791165      6.0523899      0.0000000
     0.97248345    -0.20468503      0.0000000      1.4902361      6.1473090      0.0000000
     0.98543000    -0.14280029      0.0000000      1.0976214      6.2170267      0.0000000
     0.99443588   -0.080344494      0.0000000     0.70291941      6.2615496      0.0000000
     0.99948839   -0.017569293      0.0000000     0.30774818      6.2809918      0.0000000
      1.0005908    0.045275342      0.0000000   -0.086309574      6.2755697      0.0000000
     0.99776219     0.10794210      0.0000000    -0.47771248      6.2455964      0.0000000
     0.99103659     0.17018727      0.0000000    -0.86496567      6.1914759      0.0000000
     0.98046288     0.23177162      0.0000000     -1.2466252      6.1136970      0.0000000
     0.96610409     0.29246121      0.0000000     -1.6213018      6.0128277      0.0000000
     0.94803685     0.35202817      0.0000000     -1.9876640      5.8895091      0.0000000
     0.92635081     0.41025139      0.0000000     -2.3444406      5.7444493      0.0000000
     0.90114803     0.46691716      0.0000000     -2.6904227      5.5784184      0.0000000
     0.87254235     0.52181976      0.0000000     -3.0244650      5.3922422      0.0000000
     0.84065873     0.57476200      0.0000000     -3.3454868      5.1867975      0.0000000
     0.80563262     0.62555571      0.0000000     -3.6524727      4.9630068      0.0000000
     0.76760928     0.67402214      0.0000000     -3.9444726      4.7218338      0.0000000
     0.72674316     0.71999239      0.0000000     -4.2206019      4.4642788      0.0000000
     0.68319724     0.76330772      0.0000000     -4.4800410      4.1913744      0.0000000
     0.63714234     0.80381987      0.0000000     -4.7220351      3.9041820      0.0000000
     0.58875654     0.84139136      0.0000000     -4.9458929      3.6037880      0.0000000
     0.53822449     0.87589563      0.0000000     -5.1509866      3.2913007      0.0000000
     0.48573681     0.90721737      0.0000000     -5.3367504      2.9678472      0.0000000
     0.43148948     0.93525258      0.0000000     -5.5026802      2.6345706      0.0000000
     0.37568320     0.95990878      0.0000000     -5.6483322      2.2926275      0.0000000
     0.31852283     0.98110513      0.0000000     -5.7733223      1.9431863      0.0000000
     0.26021676     0.99877251      0.0000000     -5.8773253      1.5874241      0.0000000
     0.20097633      1.0128536      0.0000000     -5.9600742      1.2265257      0.0000000
     0.14101527      1.0233030      0.0000000     -6.0213592     0.86168150      0.0000000
    0.080549143      1.0300872      0.0000000     -6.0610275     0.49408591      0.0000000
    0.019794724      1.0331847      0.0000000     -6.0789828     0.12493584      0.0000000
   -0.041030513      1.0325860      0.0000000     -6.0751847    -0.24457071      0.0000000
    -0.10170897      1.0282933      0.0000000     -6.0496490    -0.61323606      0.0000000
    -0.16202349      1.0203212      0.0000000     -6.0024471    -0.97986423      0.0000000
    -0.22175791      1.0086960      0.0000000     -5.9337065     -1.3432623      0.0000000
    -0.28069762     0.99345599      0.0000000     -5.8436107     -1.7022420      0.0000000
    -0.33863013     0.97465120      0.0000000     -5.7323996     -2.0556208      0.0000000
    -0.39534562     0.95234357      0.0000000     -5.6003702     -2.4022240      0.0000000
    -0.45063753     0.92660672      0.0000000     -5.4478767     -2.7408862      0.0000000
    -0.50430315     0.89752585      0.0000000     -5.2753313     -3.0704530      0.0000000
    -0.55614416     0.86519766      0.0000000     -5.0832051     -3.3897833      0.0000000
    -0.60596725     0.82973019      0.0000000     -4.8720286     -3.6977512      0.0000000
    -0.65358473     0.79124264      0.0000000     -4.6423924     -3.9932489      0.0000000
    -0.69881510     0.74986521      0.0000000     -4.3949483     -4.2751888      0.0000000
    -0.74148370     0.70573886      0.0000000     -4.1304098     -4.5425067      0.0000000
    -0.78142329     0.65901507      0.0000000     -3.8495525     -4.7941650      0.0000000
    -0.81847474     0.60985556      0.0000000     -3.5532152     -5.0291561      0.0000000
    -0.85248760     0.55843195      0.0000000     -3.2423001     -5.2465061      0.0000000
    -0.88332075     0.50492544      0.0000000     -2.9177726     -5.4452787      0.0000000
    -0.91084305     0.44952638      0.0000000     -2.5806621     -5.6245800      0.0000000
    -0.93493399     0.39243384      0.0000000     -2.2320607     -5.7835625      0.0000000
    -0.95548427     0.33385513      0.0000000     -1.8731236     -5.9214302      0.0000000
    -0.97239646     0.27400524      0.0000000     -1.5050671     -6.0374439      0.0000000
    -0.98558561     0.21310625      0.0000000     -1.1291678     -6.1309262      0.0000000
    -0.99497982     0.15138671      0.0000000    -0.74676033     -6.2012672      0.0000000
     -1.0005208    0.089080906      0.0000000    -0.35923500     -6.2479303      0.0000000
     -1.0021645    0.026428106      0.0000000    0.031965461     -6.2704576      0.0000000
    -0.99988151   -0.036328246      0.0000000     0.42534953     -6.2684759      0.0000000
    -0.99365752   -0.098941412      0.0000000     0.81938131     -6.2417024      0.0000000
    -0.98349388    -0.16116229      0.0000000      1.2124856     -6.1899504      0.0000000
    -0.96940781    -0.22274042      0.0000000      1.6030539     -6.1131346      0.0000000
    -0.95143280    -0.28342499      0.0000000      1.9894506     -6.0112761      0.0000000
    -0.92961880    -0.34296594      0.0000000      2.3700207     -5.8845076      0.0000000
    -0.90403239    -0.40111514      0.0000000      2.7430976     -5.7330770      0.0000000
    -0.87475685    -0.45762748      0.0000000      3.1070118     -5.5573515      0.0000000
    -0.84189215    -0.51226217      0.0000000      3.4601004     -5.3578202      0.0000000
    -0.80555484    -0.56478389      0.0000000      3.8007169     -5.1350962      0.0000000
    -0.76587781    -0.61496409      0.0000000      4.1272419     -4.8899181      0.0000000
    -0.72301000    -0.66258225      0.0000000      4.4380936     -4.6231495      0.0000000
    -0.67711594    -0.70742708      0.0000000      4.7317393     -4.3357786      0.0000000
    -0.62837521    -0.74929782      0.0000000      5.0067068     -4.0289158      0.0000000
    -0.57698180    -0.78800540      0.0000000      5.2615955     -3.7037904      0.0000000
    -0.52314330    -0.82337363      0.0000000      5.4950878     -3.3617460      0.0000000
    -0.46708005    -0.85524032      0.0000000      5.7059604     -3.0042344      0.0000000
    -0.40902410    -0.88345832      0.0000000      5.8930942     -2.6328088      0.0000000
    -0.34921816    -0.90789649      0.0000000      6.0554848     -2.2491153      0.0000000
    -0.28791440    -0.92844062      0.0000000      6.1922514     -1.8548832      0.0000000
    -0.22537314    -0.94499416      0.0000000      6.3026450     -1.4519147      0.0000000
    -0.16186150    -0.95747892      0.0000000      6.3860558     -1.0420730      0.0000000
   -0.097652020    -0.96583562      0.0000000      6.4420187    -0.62727013      0.0000000
   -0.033021128    -0.97002432      0.0000000      6.4702181    -0.20945403      0.0000000
    0.031752341    -0.97002470      0.0000000      6.4704911     0.20940537      0.0000000
    0.096388694    -0.96583621      0.0000000      6.4428293     0.62732981      0.0000000
     0.16060893    -0.95747810      0.0000000      6.3873786      1.0423468      0.0000000
     0.22413627    -0.94498928      0.0000000      6.3044383      1.4525033      0.0000000
     0.28669769    -0.92842804      0.0000000      6.1944583      1.8558801      0.0000000
     0.34802543    -0.90787168      0.0000000      6.0580344      2.2506041      0.0000000
     0.40785838    -0.88341595      0.0000000      5.8959031      2.6348617      0.0000000
     0.46594349    -0.85517444      0.0000000      5.7089346      3.0069104      0.0000000
     0.52203707    -0.82327775      0.0000000      5.4981250      3.3650893      0.0000000
     0.57590599    -0.78787265      0.0000000      5.2645868      3.7078297      0.0000000
     0.62732881    -0.74912115      0.0000000      5.0095397      4.0336633      0.0000000
     0.67609679    -0.70719939      0.0000000      4.7342997      4.3412297      0.0000000
     0.72201480    -0.66229656      0.0000000      4.4402683      4.6292831      0.0000000
     0.76490215    -0.61461373      0.0000000      4.1289211      4.8966965      0.0000000
     0.80459323    -0.56436263      0.0000000      3.8017963      5.1424663      0.0000000
     0.84093808    -0.51176440      0.0000000      3.4604832      5.3657140      0.0000000
     0.87380289    -0.45704835      0.0000000      3.1066109      5.5656876      0.0000000
     0.90307030    -0.40045065      0.0000000      2.7418370      5.7417622      0.0000000
     0.92863963    -0.34221310      0.0000000      2.3678371      5.8934384      0.0000000
     0.95042704    -0.28258188      0.0000000      1.9862947      6.0203405      0.0000000
     0.96836552    -0.22180629      0.0000000      1.5988911      6.1222142      0.0000000
     0.98240486    -0.16013760      0.0000000      1.2072967      6.1989226      0.0000000
     0.99251146   -0.097827841      0.0000000     0.81316270      6.2504421      0.0000000
     0.99866811   -0.035128756      0.0000000     0.41811361      6.2768576      0.0000000
      1.0008737    0.027709310      0.0000000    0.023740150      6.2783575      0.0000000
     0.99914292    0.090438395      0.0000000    -0.36840661      6.2552285      0.0000000
     0.99350560     0.15281388      0.0000000    -0.75682065      6.2078489      0.0000000
     0.98400650     0.21459537      0.0000000     -1.1400456      6.1366838      0.0000000
     0.97070468     0.27554756      0.0000000     -1.5166786      6.0422787      0.0000000
     0.95367293     0.33544095      0.0000000     -1.8853738      5.9252534      0.0000000
     0.93299721     0.39405262      0.0000000     -2.2448445      5.7862965      0.0000000
     0.90877604     0.45116688      0.0000000     -2.5938657      5.6261596      0.0000000
     0.88111990     0.50657581      0.0000000     -2.9312755      5.4456517      0.0000000
     0.85015053     0.56007991      0.0000000     -3.2559761      5.2456339      0.0000000
     0.81600037     0.61148849      0.0000000     -3.5669346      5.0270146      0.0000000
     0.77881184     0.66062020      0.0000000     -3.8631833      4.7907443      0.0000000
     0.73873671     0.70730338      0.0000000     -4.1438194      4.5378113      0.0000000
     0.69593545     0.75137643      0.0000000     -4.4080055      4.2692377      0.0000000
     0.65057660     0.79268813      0.0000000     -4.6549683      3.9860751      0.0000000
     0.60283608     0.83109793      0.0000000     -4.8839986      3.6894013      0.0000000
     0.55289663     0.86647616      0.0000000     -5.0944501      3.3803168      0.0000000
     0.50094708     0.89870427      0.0000000     -5.2857392      3.0599419      0.0000000
     0.44718184     0.92767500      0.0000000     -5.4573434      2.7294139      0.0000000
     0.39180021     0.95329254      0.0000000     -5.6088010      2.3898843      0.0000000
     0.33500582     0.97547268      0.0000000     -5.7397099      2.0425169      0.0000000
     0.27700602     0.99414288      0.0000000     -5.8497272      1.6884855      0.0000000
     0.21801128      1.0092424      0.0000000     -5.9385679      1.3289717      0.0000000
     0.15823466      1.0207223      0.0000000     -6.0060046     0.96516378      0.0000000
    0.097891186      1.0285457      0.0000000     -6.0518669     0.59825440      0.0000000
    0.037197320      1.0326874      0.0000000     -6.0760408     0.22943947      0.0000000
   -0.023629629      1.0331345      0.0000000     -6.0784684    -0.14008341      0.0000000
   -0.084372049      1.0298857      0.0000000     -6.0591480    -0.50911641      0.0000000
    -0.14481259      1.0229521      0.0000000     -6.0181335    -0.87646278      0.0000000
    -0.20473472      1.0123565      0.0000000     -5.9555348     -1.2409283      0.0000000
    -0.26392328     0.99813356      0.0000000     -5.8715178     -1.6013225      0.0000000
    -0.32216508     0.98033003      0.0000000     -5.7663051     -1.9564605      0.0000000
    -0.37924939     0.95900435      0.0000000     -5.6401758     -2.3051643      0.0000000
    -0.43496859     0.93422674      0.0000000     -5.4934666     -2.6462645      0.0000000
    -0.48911872     0.90607906      0.0000000     -5.3265719     -2.9786021      0.0000000
    -0.54150003     0.87465470      0.0000000     -5.1399451     -3.3010306      0.0000000
    -0.59191762     0.84005845      0.0000000     -4.9340987     -3.6124181      0.0000000
    -0.64018200     0.80240634      0.0000000     -4.7096058     -3.9116497      0.0000000
    -0.68610974     0.76182546      0.0000000     -4.4671000     -4.1976300      0.0000000
    -0.72952401     0.71845374      0.0000000     -4.2072771     -4.4692859      0.0000000
    -0.77025528     0.67243974      0.0000000     -3.9308948     -4.7255702      0.0000000
    -0.80814190     0.62394234      0.0000000     -3.6387744     -4.9654645      0.0000000
    -0.84303076     0.57313045      0.0000000     -3.3318003     -5.1879828      0.0000000
    -0.87477791     0.52018268      0.0000000     -3.0109206     -5.3921761      0.0000000
    -0.90324918     0.46528693      0.0000000     -2.6771476     -5.5771360      0.0000000
    -0.92832086     0.40863996      0.0000000     -2.3315568     -5.7419996      0.0000000
    -0.94988031     0.35044693      0.0000000     -1.9752868     -5.8859543      0.0000000
    -0.96782660     0.29092087      0.0000000     -1.6095386     -6.0082426      0.0000000
    -0.98207108     0.23028208      0.0000000     -1.2355735     -6.1081677      0.0000000
    -0.99253807     0.16875752      0.0000000    -0.85471194     -6.1850990      0.0000000
    -0.99916532     0.10658010      0.0000000    -0.46833097     -6.2384777      0.0000000
     -1.0019047    0.043987967      0.0000000   -0.077861106     -6.2678221      0.0000000
     -1.0007225   -0.018776340      0.0000000     0.31521709     -6.2727344      0.0000000
    -0.99560034   -0.081466721      0.0000000     0.70937729     -6.2529053      0.0000000
    -0.98653500    -0.14383445      0.0000000      1.1030523     -6.2081207      0.0000000
    -0.97353930    -0.20562914      0.0000000      1.4946399     -6.1382667      0.0000000
    -0.95664220    -0.26659978      0.0000000      1.8825088     -6.0433346      0.0000000
    -0.93588912    -0.32649583      0.0000000      2.2650063     -5.9234263      0.0000000
    -0.91134208    -0.38506830      0.0000000      2.6404660     -5.7787582      0.0000000
    -0.88307980    -0.44207099      0.0000000      3.0072161     -5.6096655      0.0000000
    -0.85119775    -0.49726161      0.0000000      3.3635889     -5.4166046      0.0000000
    -0.81580802    -0.55040308      0.0000000      3.7079305     -5.2001559      0.0000000
    -0.77703914    -0.60126473      0.0000000      4.0386115     -4.9610250      0.0000000
    -0.73503579    -0.64962358      0.0000000      4.3540373     -4.7000432      0.0000000
    -0.68995840    -0.69526560      0.0000000      4.6526595     -4.4181667      0.0000000
    -0.64198260    -0.73798692      0.0000000      4.9329873     -4.1164748      0.0000000
    -0.59129865    -0.77759509      0.0000000      5.1935990     -3.7961666      0.0000000
    -0.53811062    -0.81391025      0.0000000      5.4331530     -3.4585573      0.0000000
    -0.48263559    -0.84676624      0.0000000      5.6503991     -3.1050718      0.0000000
    -0.42510264    -0.87601169      0.0000000      5.8441891     -2.7372385      0.0000000
    -0.36575181    -0.90151101      0.0000000      6.0134873     -2.3566810      0.0000000
    -0.30483290    -0.92314531      0.0000000      6.1573791     -1.9651086      0.0000000
    -0.24260423    -0.94081318      0.0000000      6.2750800     -1.5643062      0.0000000
    -0.17933129    -0.95443143      0.0000000      6.3659432     -1.1561230      0.0000000
    -0.11528536    -0.96393564      0.0000000      6.4294651    -0.74246019      0.0000000
   -0.050741994    -0.96928063      0.0000000      6.4652907    -0.32525786      0.0000000
    0.014020452    -0.97044080      0.0000000      6.4732173    0.093518206      0.0000000
    0.078722352    -0.96741027      0.0000000      6.4531960     0.51189046      0.0000000
     0.14308437    -0.96020299      0.0000000      6.4053328     0.92788361      0.0000000
     0.20682901    -0.94885260      0.0000000      6.3298872      1.3395386      0.0000000
     0.26968212    -0.93341222      0.0000000      6.2272700      1.7449262      0.0000000
     0.33137441    -0.91395407      0.0000000      6.0980395      2.1421608      0.0000000
     0.39164291    -0.89056900      0.0000000      5.9428958      2.5294126      0.0000000
     0.45023232    -0.86336582      0.0000000      5.7626747      2.9049201      0.0000000
     0.50689640    -0.83247060      0.0000000      5.5583395      3.2670011      0.0000000
     0.56139911    -0.79802580      0.0000000      5.3309726      3.6140627      0.0000000
     0.61351585    -0.76018934      0.0000000      5.0817659      3.9446104      0.0000000
     0.66303443    -0.71913359      0.0000000      4.8120102      4.2572557      0.0000000
     0.70975606    -0.67504423      0.0000000      4.5230844      4.5507231      0.0000000
     0.75349612    -0.62811913      0.0000000      4.2164444      4.8238548      0.0000000
     0.79408494    -0.57856713      0.0000000      3.8936116      5.0756152      0.0000000
     0.83136835    -0.52660683      0.0000000      3.5561612      5.3050931      0.0000000
     0.86520817    -0.47246527      0.0000000      3.2057112      5.5115038      0.0000000
     0.89548258    -0.41637675      0.0000000      2.8439107      5.6941890      0.0000000
     0.92208638    -0.35858149      0.0000000      2.4724298      5.8526163      0.0000000
     0.94493117    -0.29932442      0.0000000      2.0929484      5.9863775      0.0000000
     0.96394535    -0.23885394      0.0000000      1.7071475      6.0951862      0.0000000
     0.97907412    -0.17742070      0.0000000      1.3166989      6.1788740      0.0000000
     0.99027933    -0.11527646      0.0000000     0.92325779      6.2373870      0.0000000
     0.99753928   -0.052672960      0.0000000     0.52845421      6.2707807      0.0000000
      1.0008484    0.010139155      0.0000000     0.13388656      6.2792154      0.0000000
      1.0002170    0.072911349      0.0000000    -0.25888485      6.2629506      0.0000000
     0.99567072     0.13539817      0.0000000    -0.64834326      6.2223391      0.0000000
     0.98725014     0.19735813      0.0000000     -1.0330202      6.1578217      0.0000000
     0.97501031     0.25855460      0.0000000     -1.4114998      6.0699210      0.0000000
     0.95902015     0.31875655      0.0000000     -1.7824216      5.9592353      0.0000000
     0.93936188     0.37773931      0.0000000     -2.1444841      5.8264333      0.0000000
     0.91613046     0.43528522      0.0000000     -2.4964464      5.6722479      0.0000000
     0.88943295     0.49118426      0.0000000     -2.8371301      5.4974707      0.0000000
     0.85938786     0.54523463      0.0000000     -3.1654206      5.3029471      0.0000000
     0.82612454     0.59724321      0.0000000     -3.4802675      5.0895706      0.0000000
     0.78978251     0.64702604      0.0000000     -3.7806855      4.8582784      0.0000000
     0.75051083     0.69440877      0.0000000     -4.0657542      4.6100467      0.0000000
     0.70846743     0.73922698      0.0000000     -4.3346178      4.3458863      0.0000000
     0.66381847     0.78132650      0.0000000     -4.5864852      4.0668391      0.0000000
     0.61673773     0.82056376      0.0000000     -4.8206288      3.7739738      0.0000000
     0.56740590     0.85680598      0.0000000     -5.0363845      3.4683829      0.0000000
     0.51601003     0.88993142      0.0000000     -5.2331503      3.1511798      0.0000000
     0.46274289     0.91982957      0.0000000     -5.4103858      2.8234955      0.0000000
     0.40780232     0.94640133      0.0000000     -5.5676112      2.4864761      0.0000000
     0.35139067     0.96955910      0.0000000     -5.7044065      2.1412809      0.0000000
     0.29371419     0.98922694      0.0000000     -5.8204109      1.7890796      0.0000000
     0.23498245      1.0053407      0.0000000     -5.9153216      1.4310509      0.0000000
     0.17540776      1.0178480      0.0000000     -5.9888935      1.0683804      0.0000000
     0.11520458      1.0267083      0.0000000     -6.0409387     0.70225902      0.0000000
    0.054588984      1.0318931      0.0000000     -6.0713254     0.33388131      0.0000000
  -0.0062219284      1.0333859      0.0000000     -6.0799784   -0.035555748      0.0000000
   -0.067010584      1.0311820      0.0000000     -6.0668782    -0.40485435      0.0000000
    -0.12755949      1.0252888      0.0000000     -6.0320613    -0.77281719      0.0000000
    -0.18765181      1.0157257      0.0000000     -5.9756201     -1.1382489      0.0000000
    -0.24707190      1.0025239      0.0000000     -5.8977031     -1.4999573      0.0000000
    -0.30560587     0.98572654      0.0000000     -5.7985149     -1.8567551      0.0000000
    -0.36304219     0.96538876      0.0000000     -5.6783174     -2.2074612      0.0000000
    -0.41917222     0.94157731      0.0000000     -5.5374293     -2.5509027      0.0000000
    -0.47379078     0.91437070      0.0000000     -5.3762275     -2.8859160      0.0000000
    -0.52669677     0.88385899      0.0000000     -5.1951474     -3.2113497      0.0000000
    -0.57769373     0.85014371      0.0000000     -4.9946840     -3.5260659      0.0000000
    -0.62659045     0.81333768      0.0000000     -4.7753921     -3.8289429      0.0000000
    -0.67320157     0.77356485      0.0000000     -4.5378876     -4.1188777      0.0000000
    -0.71734820     0.73096012      0.0000000     -4.2828483     -4.3947890      0.0000000
    -0.75885853     0.68566907      0.0000000     -4.0110142     -4.6556199      0.0000000
    -0.79756848     0.63784772      0.0000000     -3.7231886     -4.9003415      0.0000000
    -0.83332231     0.58766224      0.0000000     -3.4202383     -5.1279563      0.0000000
    -0.86597325     0.53528860      0.0000000     -3.1030941     -5.3375026      0.0000000
    -0.89538419     0.48091219      0.0000000     -2.7727507     -5.5280580      0.0000000
    -0.92142826     0.42472744      0.0000000     -2.4302669     -5.6987445      0.0000000
    -0.94398953     0.36693730      0.0000000     -2.0767649     -5.8487331      0.0000000
    -0.96296356     0.30775277      0.0000000     -1.7134296     -5.9772486      0.0000000
    -0.97825812     0.24739233      0.0000000     -1.3415071     -6.0835751      0.0000000
    -0.98979370     0.18608127      0.0000000    -0.96230341     -6.1670615      0.0000000
    -0.99750419     0.12405110      0.0000000    -0.57718185     -6.2271270      0.0000000
     -1.0013373    0.061538731      0.0000000    -0.18756043     -6.2632670      0.0000000
     -1.0012554  -0.0012142429      0.0000000     0.20509166     -6.2750586      0.0000000
    -0.99723551   -0.063962441      0.0000000     0.59925808     -6.2621670      0.0000000
    -0.98927023    -0.12645758      0.0000000     0.99338010     -6.2243507      0.0000000
    -0.97736791    -0.18844946      0.0000000      1.3858622     -6.1614672      0.0000000
    -0.96155299    -0.24968693      0.0000000      1.7750781     -6.0734786      0.0000000
    -0.94186634    -0.30991903      0.0000000      2.1593780     -5.9604561      0.0000000
    -0.91836543    -0.36889605      0.0000000      2.5370961     -5.8225848      0.0000000
    -0.89112442    -0.42637072      0.0000000      2.9065591     -5.6601677      0.0000000
    -0.86023425    -0.48209940      0.0000000      3.2660950     -5.4736287      0.0000000
    -0.82580252    -0.53584330      0.0000000      3.6140435     -5.2635154      0.0000000
    -0.78795338    -0.58736971      0.0000000      3.9487656     -5.0305007      0.0000000
    -0.74682721    -0.63645331      0.0000000      4.2686546     -4.7753830      0.0000000
    -0.70258028    -0.68287737      0.0000000      4.5721473     -4.4990864      0.0000000
    -0.65538426    -0.72643504      0.0000000      4.8577350     -4.2026587      0.0000000
    -0.60542558    -0.76693055      0.0000000      5.1239754     -3.8872689      0.0000000
    -0.55290475    -0.80418042      0.0000000      5.3695035     -3.5542030      0.0000000
    -0.49803551    -0.83801461      0.0000000      5.5930432     -3.2048586      0.0000000
    -0.44104389    -0.86827759      0.0000000      5.7934178     -2.8407387      0.0000000
    -0.38216716    -0.89482938      0.0000000      5.9695604     -2.4634438      0.0000000
    -0.32165268    -0.91754646      0.0000000      6.1205234     -2.0746624      0.0000000
    -0.25975669    -0.93632263      0.0000000      6.2454873     -1.6761617      0.0000000
    -0.19674294    -0.95106970      0.0000000      6.3437684     -1.2697759      0.0000000
    -0.13288132    -0.96171815      0.0000000      6.4148250    -0.85739427      0.0000000
   -0.068446435    -0.96821758      0.0000000      6.4582632    -0.44094853      0.0000000
  -0.0037160579    -0.97053712      0.0000000      6.4738401   -0.022399352      0.0000000
    0.061030366    -0.96866557      0.0000000      6.4614667     0.39627732      0.0000000
     0.12551328    -0.96261157      0.0000000      6.4212088     0.81310431      0.0000000
     0.18945454    -0.95240348      0.0000000      6.3532861      1.2261172      0.0000000
     0.25257900    -0.93808923      0.0000000      6.2580703      1.6333780      0.0000000
     0.31461595    -0.91973592      0.0000000      6.1360815      2.0329889      0.0000000
     0.37530063    -0.89742945      0.0000000      5.9879832      2.4231052      0.0000000
     0.43437561    -0.87127382      0.0000000      5.8145761      2.8019469      0.0000000
     0.49159215    -0.84139051      0.0000000      5.6167906      3.1678110      0.0000000
     0.54671142    -0.80791760      0.0000000      5.3956783      3.5190811      0.0000000
     0.59950572    -0.77100889      0.0000000      5.1524025      3.8542371      0.0000000
     0.64975947    -0.73083286      0.0000000      4.8882282      4.1718630      0.0000000
     0.69727028    -0.68757163      0.0000000      4.6045111      4.4706539      0.0000000
     0.74184970    -0.64141978      0.0000000      4.3026868      4.7494215      0.0000000
     0.78332402    -0.59258320      0.0000000      3.9842589      5.0070984      0.0000000
     0.82153488    -0.54127781      0.0000000      3.6507882      5.2427411      0.0000000
     0.85633978    -0.48772837      0.0000000      3.3038804      5.4555320      0.0000000
     0.88761248    -0.43216717      0.0000000      2.9451759      5.6447798      0.0000000
     0.91524330    -0.37483278      0.0000000      2.5763380      5.8099190      0.0000000
     0.93913924    -0.31596879      0.0000000      2.1990431      5.9505088      0.0000000
     0.95922416    -0.25582260      0.0000000      1.8149706      6.0662305      0.0000000
     0.97543866    -0.19464418      0.0000000      1.4257935      6.1568842      0.0000000
     0.98774003    -0.13268492      0.0000000      1.0331701      6.2223855      0.0000000
     0.99610206   -0.070196475      0.0000000     0.63873575      6.2627602      0.0000000
      1.0005147  -0.0074297154      0.0000000     0.24409586      6.2781401      0.0000000
      1.0009840    0.055366328      0.0000000    -0.14918044      6.2687574      0.0000000
     0.99753114     0.11794543      0.0000000    -0.53956607      6.2349392      0.0000000
     0.99019265     0.18006511      0.0000000    -0.92558092      6.1771014      0.0000000
     0.97901952     0.24148746      0.0000000     -1.3057961      6.0957436      0.0000000
     0.96407673     0.30197998      0.0000000     -1.6788374      5.9914422      0.0000000
     0.94544277     0.36131631      0.0000000     -2.0433884      5.8648455      0.0000000
     0.92320896     0.41927689      0.0000000     -2.3981926      5.7166674      0.0000000
     0.89747892     0.47564965      0.0000000     -2.7420555      5.5476819      0.0000000
     0.86836785     0.53023053      0.0000000     -3.0738455      5.3587181      0.0000000
     0.83600201     0.58282402      0.0000000     -3.3924953      5.1506546      0.0000000
     0.80051795     0.63324362      0.0000000     -3.6970019      4.9244148      0.0000000
     0.76206197     0.68131231      0.0000000     -3.9864272      4.6809623      0.0000000
     0.72078940     0.72686287      0.0000000     -4.2598977      4.4212968      0.0000000
     0.67686401     0.76973825      0.0000000     -4.5166040      4.1464496      0.0000000
     0.63045732     0.80979186      0.0000000     -4.7558006      3.8574803      0.0000000
     0.58174800     0.84688785      0.0000000     -4.9768052      3.5554732      0.0000000
     0.53092122     0.88090133      0.0000000     -5.1789977      3.2415343      0.0000000
     0.47816805     0.91171854      0.0000000     -5.3618197      2.9167881      0.0000000
     0.42368483     0.93923709      0.0000000     -5.5247735      2.5823752      0.0000000
     0.36767258     0.96336604      0.0000000     -5.6674211      2.2394498      0.0000000
     0.31033640     0.98402608      0.0000000     -5.7893838      1.8891778      0.0000000
     0.25188490      1.0011496      0.0000000     -5.8903411      1.5327344      0.0000000
     0.19252958      1.0146808      0.0000000     -5.9700303      1.1713023      0.0000000
     0.13248430      1.0245756      0.0000000     -6.0282456     0.80607040      0.0000000
    0.071964669      1.0308022      0.0000000     -6.0648379     0.43823188      0.0000000
    0.011187538      1.0333403      0.0000000     -6.0797142    0.068982804      0.0000000
   -0.049629614      1.0321818      0.0000000     -6.0728376    -0.30047929      0.0000000
    -0.11026921      1.0273307      0.0000000     -6.0442270    -0.66895676      0.0000000
    -0.17051416      1.0188027      0.0000000     -5.9939574     -1.0352533      0.0000000
    -0.23014836      1.0066256      0.0000000     -5.9221595     -1.3981752      0.0000000
    -0.28895735     0.99083920      0.0000000     -5.8290207     -1.7565330      0.0000000
    -0.34672878     0.97149497      0.0000000     -5.7147849     -2.1091429      0.0000000
    -0.40325304     0.94865634      0.0000000     -5.5797533     -2.4548283      0.0000000
    -0.45832384     0.92239841      0.0000000     -5.4242850     -2.7924218      0.0000000
    -0.51173874     0.89280790      0.0000000     -5.2487976     -3.1207668      0.0000000
    -0.56329979     0.85998307      0.0000000     -5.0537682     -3.4387200      0.0000000
    -0.61281411     0.82403350      0.0000000     -4.8397336     -3.7451531      0.0000000
    -0.66009447     0.78508001      0.0000000     -4.6072920     -4.0389560      0.0000000
    -0.70495995     0.74325438      0.0000000     -4.3571030     -4.3190389      0.0000000
    -0.74723653     0.69869923      0.0000000     -4.0898887     -4.5843359      0.0000000
    -0.78675772     0.65156767      0.0000000     -3.8064346     -4.8338078      0.0000000
    -0.82336522     0.60202307      0.0000000     -3.5075897     -5.0664460      0.0000000
    -0.85690952     0.55023875      0.0000000     -3.1942671     -5.2812762      0.0000000
    -0.88725056     0.49639755      0.0000000     -2.8674442     -5.4773626      0.0000000
    -0.91425840     0.44069150      0.0000000     -2.5281629     -5.6538124      0.0000000
    -0.93781382     0.38332130      0.0000000     -2.1775285     -5.8097803      0.0000000
    -0.95780897     0.32449589      0.0000000     -1.8167098     -5.9444739      0.0000000
    -0.97414801     0.26443182      0.0000000     -1.4469375     -6.0571586      0.0000000
    -0.98674772     0.20335272      0.0000000     -1.0695027     -6.1471630      0.0000000
    -0.99553807     0.14148857      0.0000000    -0.68575489     -6.2138848      0.0000000
     -1.0004628    0.079075023      0.0000000    -0.29709912     -6.2567964      0.0000000
     -1.0014800    0.016352637      0.0000000    0.095007137     -6.2754509      0.0000000
    -0.99856267   -0.046433996      0.0000000     0.48905793     -6.2694877      0.0000000
    -0.99169889    -0.10903712      0.0000000     0.88350348     -6.2386382      0.0000000
    -0.98089260    -0.17120676      0.0000000      1.2767555     -6.1827320      0.0000000
    -0.96616378    -0.23269176      0.0000000      1.6671932     -6.1017017      0.0000000
    -0.94754874    -0.29324079      0.0000000      2.0531702     -5.9955882      0.0000000
    -0.92510038    -0.35260352      0.0000000      2.4330220     -5.8645454      0.0000000
    -0.89888830    -0.41053170      0.0000000      2.8050742     -5.7088444      0.0000000
    -0.86899889    -0.46678041      0.0000000      3.1676516     -5.5288766      0.0000000
    -0.83553527    -0.52110923      0.0000000      3.5190877     -5.3251567      0.0000000
    -0.79861714    -0.57328354      0.0000000      3.8577349     -5.0983246      0.0000000
    -0.75838057    -0.62307573      0.0000000      4.1819751     -4.8491461      0.0000000
    -0.71497764    -0.67026646      0.0000000      4.4902307     -4.5785128      0.0000000
    -0.66857596    -0.71464598      0.0000000      4.7809762     -4.2874409      0.0000000
    -0.61935812    -0.75601528      0.0000000      5.0527492     -3.9770686      0.0000000
    -0.56752097    -0.79418735      0.0000000      5.3041622     -3.6486525      0.0000000
    -0.51327487    -0.82898833      0.0000000      5.5339135     -3.3035625      0.0000000
    -0.45684271    -0.86025860      0.0000000      5.7407985     -2.9432756      0.0000000
    -0.39845890    -0.88785384      0.0000000      5.9237200     -2.5693685      0.0000000
    -0.33836831    -0.91164597      0.0000000      6.0816977     -2.1835085      0.0000000
    -0.27682495    -0.93152401      0.0000000      6.2138776     -1.7874440      0.0000000
    -0.21409075    -0.94739485      0.0000000      6.3195395     -1.3829935      0.0000000
    -0.15043416    -0.95918388      0.0000000      6.3981040    -0.97203375      0.0000000
   -0.086128673    -0.96683553      0.0000000      6.4491381    -0.55648710      0.0000000
   -0.021451396    -0.97031362      0.0000000      6.4723593    -0.13830827      0.0000000
    0.043318513    -0.96960169      0.0000000      6.4676385     0.28052929      0.0000000
     0.10790137    -0.96470304      0.0000000      6.4350010     0.69804740      0.0000000
     0.17201853    -0.95564074      0.0000000      6.3746267      1.1122771      0.0000000
     0.23539391    -0.94245750      0.0000000      6.2868480      1.5212726      0.0000000
     0.29775549    -0.92521529      0.0000000      6.1721465      1.9231248      0.0000000
     0.35883684    -0.90399500      0.0000000      6.0311488      2.3159745      0.0000000
     0.41837847    -0.87889580      0.0000000      5.8646201      2.6980243      0.0000000
     0.47612924    -0.85003451      0.0000000      5.6734574      3.0675510      0.0000000
     0.53184762    -0.81754478      0.0000000      5.4586807      3.4229153      0.0000000
     0.58530285    -0.78157621      0.0000000      5.2214244      3.7625721      0.0000000
     0.63627611    -0.74229334      0.0000000      4.9629270      4.0850782      0.0000000
     0.68456139    -0.69987464      0.0000000      4.6845202      4.3891000      0.0000000
     0.72996651    -0.65451134      0.0000000      4.3876185      4.6734188      0.0000000
     0.77231376    -0.60640627      0.0000000      4.0737074      4.9369360      0.0000000
     0.81144066    -0.55577262      0.0000000      3.7443320      5.1786758      0.0000000
     0.84720040    -0.50283275      0.0000000      3.4010857      5.3977878      0.0000000
     0.87946237    -0.44781687      0.0000000      3.0455988      5.5935478      0.0000000
     0.90811238    -0.39096179      0.0000000      2.6795277      5.7653573      0.0000000
     0.93305292    -0.33250972      0.0000000      2.3045442      5.9127428      0.0000000
     0.95420326    -0.27270694      0.0000000      1.9223257      6.0353532      0.0000000
     0.97149944    -0.21180265      0.0000000      1.5345458      6.1329572      0.0000000
     0.98489418    -0.15004779      0.0000000      1.1428651      6.2054392      0.0000000
     0.99435674   -0.087693871      0.0000000     0.74892390      6.2527954      0.0000000
