              T              E              M            |M|             Cv              X              A
            2.2     -1.5468711    -0.78582399     0.78582399      1.4158999      4.5460167     0.15032492
          2.201     -1.5452778    -0.78412051     0.78412051      1.4084027      4.6526323     0.15082691
          2.202     -1.5436452     0.78221257     0.78221257       1.421064      4.9611556     0.15143243
          2.203     -1.5426693     0.78204578     0.78204578      1.4224485      4.6610886       0.151829
          2.204     -1.5410476     0.77998572     0.77998572      1.4332883      5.1540658     0.15245038
          2.205     -1.5386149    -0.77614418     0.77614418      1.4700058      6.1041974     0.15343797
          2.206     -1.5380382    -0.77743111     0.77743111      1.4469232      5.0057895     0.15359033
          2.207     -1.5368256     0.77571639     0.77571639      1.4720177      5.7228982     0.15412195
          2.208     -1.5354429     0.77513099     0.77513099      1.4562652      5.2101365     0.15457576
          2.209     -1.5332351    -0.77081598     0.77081598      1.5038122      6.5289804     0.15536604
           2.21     -1.5319914    -0.77029613     0.77029613      1.4919612      6.1174535      0.1558754
          2.211     -1.5305296    -0.76925447     0.76925447       1.489857      6.0696647      0.1562948
          2.212     -1.5294106     0.76845491     0.76845491      1.5013429      6.2365948     0.15679623
          2.213     -1.5278144     -0.7672562      0.7672562      1.4898944      5.8349996     0.15731544
          2.214     -1.5261392     0.76524725     0.76524725      1.5091562      6.0672874     0.15795951
          2.215     -1.5237802     0.73723171     0.75642032      1.6386414       23.27366     0.15877549
          2.216     -1.5230469     0.76182297     0.76182297      1.5191498      6.7645524     0.15907003
          2.217     -1.5214464    -0.75882288     0.75882288      1.5584607      7.9919289     0.15975306
          2.218     -1.5196612     0.75648894     0.75648894      1.5714035      8.5339431     0.16037698
          2.219     -1.5185519     0.75666903     0.75666903      1.5663024       7.846924     0.16073037
           2.22     -1.5165449    -0.75354858     0.75354858       1.590382      8.5511285     0.16153522
          2.221     -1.5149743     0.75117571     0.75117571      1.6110463       9.723968     0.16203926
          2.222     -1.5140341     -0.7520369      0.7520369      1.5571126       7.916179      0.1624849
          2.223      -1.511915    -0.74798576     0.74798673      1.5967458      11.146696     0.16322409
          2.224     -1.5111596    -0.74949596     0.74949596      1.5943126      7.9845361     0.16350455
          2.225      -1.508338    -0.74334876     0.74334876      1.6549654      11.245364     0.16463435
          2.226     -1.5066726    -0.74096133     0.74096133      1.6628521      11.219903     0.16513789
          2.227     -1.5045128     0.73704516     0.73704516      1.6987105      13.753254     0.16609086
          2.228     -1.5029954    -0.73601297     0.73601297      1.7050551      12.740083     0.16650909
          2.229     -1.5016061     0.73361605     0.73361605      1.6797083      14.479309     0.16713274
           2.23     -1.5006273    -0.73531245     0.73531245      1.6762955      11.134101     0.16743305
          2.231     -1.4990079    -0.73365843     0.73365843      1.6540526      10.566835     0.16796628
          2.232     -1.4965136      0.7240254      0.7246565      1.7619124      24.610931     0.16891121
          2.233     -1.4957069    -0.72677873      0.7268366      1.7289109      18.398888     0.16924312
          2.234     -1.4928559     -0.7231552      0.7231552      1.7618103      14.789671      0.1703079
          2.235     -1.4906547    -0.71758849     0.71759062      1.7815955        19.4712     0.17113976
          2.236     -1.4899742    -0.72055715     0.72055715      1.7542355      14.537016     0.17132787
          2.237     -1.4881199     0.47472967     0.71554963      1.8169373      20.970036     0.17205822
          2.238      -1.486745    -0.71552919     0.71552919      1.7706398      15.920584     0.17262122
          2.239     -1.4834547     0.70614206      0.7061638      1.8610797      23.971512     0.17372642
           2.24     -1.4827926    -0.70771707     0.70771707      1.8241241      21.679462     0.17410397
          2.241     -1.4817458    -0.70908916     0.70908916      1.8165566      18.137517      0.1744427
          2.242     -1.4791217    -0.70095584     0.70101004      1.8923513      30.948888     0.17539912
          2.243     -1.4766518     0.69900359     0.69900359      1.8413997      20.252665      0.1763854
          2.244     -1.4756294     0.69524983     0.69657013       1.920865      29.866343     0.17668698
          2.245     -1.4734541     0.69366561     0.69366561      1.8971397      23.730886     0.17758442
          2.246      -1.472072    -0.69172715     0.69181469      1.9102162      26.505125     0.17804933
          2.247     -1.4695638     0.31094061     0.68572339      1.9503553      33.945486     0.17891416
          2.248     -1.4653045    -0.66265536     0.66842413      2.1255713      56.405728     0.18051697
          2.249     -1.4649391    -0.25174423     0.67571593      2.0252485       35.11954     0.18071294
           2.25     -1.4626674     0.67087315      0.6709354       2.043832      40.055475     0.18149095
          2.251     -1.4605041     0.11686482     0.66363415      2.1105562      49.644515     0.18231488
          2.252     -1.4586951   -0.052766207     0.66133444       2.125512      49.978278     0.18308761
          2.253      -1.456209     0.13248805     0.65649983      2.1254944       51.03801     0.18391703
          2.254     -1.4540318    -0.34534656      0.6509239      2.1810604       54.15342      0.1848107
          2.255     -1.4537009    -0.50743468     0.65653321      2.0781478      42.445965     0.18495463
          2.256     -1.4514932    -0.21802118     0.64840938      2.1505756      56.054537     0.18573089
          2.257     -1.4481082      0.5009076     0.63971592       2.221357      58.802709     0.18693056
          2.258      -1.447089    -0.36242556     0.64474628      2.0892207      39.335996     0.18739894
          2.259     -1.4463946     0.23521458     0.64761294      2.0591369       38.33122      0.1875949
           2.26      -1.442289    -0.29942911     0.62761755      2.2591716      69.837278     0.18917578
          2.261     -1.4402202     0.61576629     0.62561204      2.2287318      59.054359     0.19003406
          2.262      -1.436318     -0.2370172     0.60304792      2.3290704      93.073642     0.19148806
          2.263     -1.4354285    -0.27137768     0.60958101      2.2938118      79.061559     0.19162802
          2.264     -1.4337637     0.23029305     0.60932313      2.2548532      68.218934      0.1922985
          2.265     -1.4301786     0.16173918     0.58922921      2.3882644      100.73207     0.19374368
          2.266     -1.4264658    0.067220531     0.58058346      2.3862474       97.33358     0.19502472
          2.267      -1.425715      0.2764961      0.5868052      2.2815625      82.732197     0.19529676
          2.268     -1.4245737    -0.21491221     0.58700779      2.3732897      81.302868     0.19578183
          2.269      -1.423159    0.069506726     0.58634653      2.3382757      80.583596     0.19638474
           2.27     -1.4191146   -0.029137829     0.56786062      2.4259106      98.220268     0.19791748
          2.271     -1.4159801    -0.34655078      0.5511058      2.4901067      115.47513     0.19902134
          2.272     -1.4138232    0.054807019        0.54917      2.4149219       110.1288      0.1997548
          2.273     -1.4104458    -0.17044425     0.53679818      2.3718454      116.38261     0.20099385
          2.274     -1.4077636   -0.051108707     0.52927038      2.4528702      117.31879     0.20204605
          2.275     -1.4084165     0.13869342        0.53941      2.4681056      109.84183     0.20188242
          2.276     -1.4039974     0.10556429     0.51522924      2.4739258      132.36593     0.20340678
          2.277     -1.4003794     0.13604313     0.49752759      2.5134884      147.24174     0.20478241
          2.278     -1.3992313    -0.27690938     0.50223363      2.4564225      134.62414     0.20520019
          2.279     -1.3974588    -0.16455528     0.49698247      2.4957155      138.40767     0.20598115
           2.28     -1.3960881    0.054652761     0.50347079      2.4014651       120.5806     0.20645088
          2.281     -1.3934683     0.10419936     0.49083248      2.4408077        133.724     0.20743382
          2.282     -1.3890851     0.14368268     0.46764405      2.4029661      143.18324      0.2090906
          2.283     -1.3873547    -0.13234605      0.4699726      2.4210561      138.80343     0.20978003
          2.284     -1.3816569   0.0040548802     0.42854862      2.4046043      159.31861     0.21192034
          2.285     -1.3837377   -0.081453027     0.45535712      2.4622889      151.41193     0.21110793
          2.286     -1.3776792    0.036764932      0.4158201      2.3608059      158.50145     0.21335724
          2.287     -1.3791172   -0.041953499     0.44764199      2.3436524       138.3547     0.21285333
          2.288     -1.3743804    0.031168132     0.41916069      2.3592918      147.46653     0.21463558
          2.289      -1.372258   -0.028823493     0.41447187      2.3341866      146.31257    -0.21403957
           2.29     -1.3687022   0.0090587917     0.38795747      2.3314856      160.44063    -0.21275076
          2.291     -1.3692426   -0.022715365     0.40879049      2.3442802       152.5105    -0.21291322
          2.292     -1.3643978    0.034824361     0.37918368      2.2575666      152.52768    -0.21118701
          2.293     -1.3609925    0.025059052       0.362478      2.2321145      153.70438    -0.20983636
          2.294     -1.3587038   -0.048045725     0.35263428      2.2195352      153.44388    -0.20898636
          2.295     -1.3577665   -0.041733311      0.3529506      2.1555865      151.23488    -0.20862679
          2.296     -1.3570684   -0.046527576     0.36115541      2.1878694      150.59208    -0.20828802
          2.297     -1.3562372  -0.0091126964     0.36795729      2.2223057      147.02997     -0.2079924
          2.298     -1.3515976   0.0090949636     0.33963058      2.1495458      146.21001    -0.20624821
          2.299     -1.3511301   -0.053877717     0.34718204      2.1622136      140.90325    -0.20604765
            2.3     -1.3476955    -0.02767055     0.32558528      2.0902941      143.01657    -0.20480898
          2.301     -1.3464586   -0.039446082     0.32712066      2.0491254      143.77043    -0.20422646
          2.302     -1.3443067    0.037995863     0.32782112      2.0636797      137.34911    -0.20346132
          2.303     -1.3421904    0.002694279     0.31722648      2.0372189      134.93686    -0.20263219
          2.304     -1.3402814    0.011715466      0.3188159      1.9883026      123.05292    -0.20188508
          2.305      -1.335474    0.011078996     0.27654233      1.9234847      125.27782    -0.20011635
          2.306     -1.3363285   -0.016287741     0.29644581      1.9590441      132.43676    -0.20041777
          2.307     -1.3343927   0.0022616883     0.29305659      1.9209464      129.19263    -0.19961828
          2.308     -1.3326354  0.00080213394     0.28960562      1.9022895      127.39094    -0.19894795
          2.309     -1.3307085     0.04706172      0.2864901      1.9124893       119.9899    -0.19823018
           2.31     -1.3280403   -0.025007902     0.26706679      1.8730838       123.0929    -0.19722979
          2.311     -1.3260031   -0.033026546     0.26126344       1.821354      112.91659    -0.19640986
          2.312     -1.3237846    0.047454862     0.25536458      1.7482355       106.3075     -0.1955803
          2.313     -1.3217285   -0.015252733     0.25280888      1.7989877       107.3555    -0.19482049
          2.314     -1.3207735   0.0015518853     0.25534746      1.7537502      108.97138    -0.19438845
          2.315        -1.3191    0.025161123     0.24628027       1.731407      106.49197    -0.19375713
          2.316     -1.3170797  -0.0002170002     0.24348168      1.7341758      105.62697    -0.19298203
          2.317     -1.3154855   0.0072412257     0.23793875      1.7189629      101.31155    -0.19236434
          2.318     -1.3142866  -0.0029754838     0.23819783      1.7133871      103.48269    -0.19189943
          2.319     -1.3113879   -0.022096044     0.22740158      1.7030373      96.342887    -0.19077131
           2.32     -1.3100071  -0.0093098624     0.22040646      1.6425836      96.113445    -0.19027095
          2.321     -1.3080654    -0.01134149     0.21576695      1.6455148      92.370788    -0.18949445
          2.322     -1.3073825   -0.016183584     0.22618321      1.6403868      90.299766    -0.18923559
          2.323     -1.3063333   0.0050303986     0.22288173      1.6326068      94.070047    -0.18881798
          2.324     -1.3044008   0.0048137275     0.21482834      1.6200308      87.050727    -0.18805815
          2.325     -1.3021894    0.012592713     0.21101011      1.5969862      83.400187    -0.18722504
          2.326     -1.3008342   -0.016632653     0.20943007      1.5703406      83.451243    -0.18665736
          2.327     -1.2987971   -0.013728008     0.20169147      1.5774322      82.548443     -0.1858764
          2.328     -1.2973428  -0.0051669941     0.19815725      1.5498608      79.311677    -0.18528762
          2.329     -1.2961083   0.0023823451     0.19802643      1.5332075      76.071283    -0.18480248
           2.33     -1.2946991   -0.017302534      0.1981778      1.5338352      77.610717    -0.18424342
          2.331     -1.2930108    0.014927258     0.19504052      1.5564045      80.231353    -0.18356627
          2.332     -1.2917198   0.0022334174     0.19233404      1.4970291      74.198439     -0.1830462
          2.333     -1.2897293    0.011662144     0.18065768      1.4891256      68.703998    -0.18229017
          2.334     -1.2886685  -0.0028356838     0.18602417      1.5104611      71.420944    -0.18187637
          2.335     -1.2868134   0.0004382297     0.18147507      1.5141578      69.442726    -0.18116793
          2.336     -1.2849403   0.0023974251      0.1760703      1.4849075      65.998971    -0.18041165
          2.337     -1.2838863   0.0039146962     0.17858464      1.4656786      65.333763    -0.18002169
          2.338     -1.2819684    0.010733629     0.17127659      1.4506335      61.045229      -0.179247
          2.339     -1.2813629 -0.00071904202     0.17305275      1.4563885      65.102506    -0.17898908
           2.34     -1.2795255      0.0200767     0.17316281      1.4251806      60.193879    -0.17826984
          2.341     -1.2782701    -0.01155408     0.17111503      1.4352429      62.583269    -0.17775831
          2.342     -1.2764613   -0.001783518     0.16143611      1.4060119      56.795591    -0.17703585
          2.343     -1.2750937   0.0037732832     0.16338045      1.4170223       56.36119    -0.17651416
          2.344     -1.2739609   0.0074423281     0.16486772      1.4156928      57.261605    -0.17605456
          2.345     -1.2727007   0.0079245358     0.16300097      1.3989601      56.437908    -0.17556742
          2.346     -1.2714211  -0.0017505786     0.16083328      1.4026816       57.33846    -0.17506968
          2.347     -1.2696255  -0.0079193616     0.15642214      1.3712708      51.718396    -0.17434968
          2.348     -1.2682033 -0.00025959596     0.15047274      1.3655822      50.386947    -0.17377634
          2.349      -1.266814  -0.0021506737     0.15091401      1.3626167       51.12665    -0.17321613
           2.35     -1.2658411   0.0072050651     0.15425234      1.3785332      52.055247    -0.17283637
          2.351      -1.264074  -0.0082013283      0.1490709      1.3502023      50.354291    -0.17213011
          2.352     -1.2629879  -0.0042752867     0.15076904      1.3610335      51.328736    -0.17169568
          2.353     -1.2616509     0.00366944     0.14711643      1.3469468      47.762429    -0.17115861
          2.354     -1.2603155   0.0038931554     0.14580378       1.326743      46.062896    -0.17064003
          2.355     -1.2584502  0.00082865131     0.14222836      1.3217869      44.694599    -0.16988981
          2.356     -1.2578716   0.0054331966     0.14354692      1.3250168      46.061989     -0.1696311
          2.357     -1.2562577   0.0027229713     0.14135337      1.3253646      43.490458     -0.1690213
          2.358     -1.2549251   0.0073625758     0.13868965      1.3084927      43.026068    -0.16848059
          2.359     -1.2535647    0.011522871     0.14019212      1.3000131      42.386992    -0.16791267
           2.36     -1.2522744   0.0070036659     0.13582698      1.3085185      41.768328    -0.16740961
          2.361     -1.2505537   0.0051623754     0.13631868      1.2954693       40.76589    -0.16672283
          2.362     -1.2497808   0.0089563875     0.13581069      1.2720714      38.968893    -0.16641225
          2.363     -1.2484425   0.0042563796     0.13508004      1.2874429      40.844042    -0.16586268
          2.364      -1.247453   0.0028989818     0.13306538      1.2815082      40.464631    -0.16546852
          2.365     -1.2460727  -0.0056081002     0.12975024      1.2808104      38.975238    -0.16491221
          2.366     -1.2449227   0.0028662701      0.1304053      1.2782738      38.749943     -0.1644319
          2.367     -1.2432641  -0.0063397345     0.12839675      1.2544366       36.22715    -0.16378412
          2.368     -1.2422238  -0.0054345071     0.13032852      1.2641804      38.225652    -0.16334903
          2.369     -1.2410656  -0.0090031885     0.13037385      1.2504598      38.062623    -0.16287537
           2.37     -1.2393505  -0.0055473434     0.12652242      1.2458414      35.785157     -0.1622125
          2.371     -1.2382642  -0.0097902382     0.12353906      1.2392313      34.417649    -0.16175642
          2.372     -1.2368746 -0.00084326364     0.12323698      1.2270152      34.313242    -0.16119698
          2.373      -1.235394  -0.0011924594     0.11972584      1.2331723        32.6055    -0.16061847
          2.374     -1.2342908   0.0080252784     0.12051003      1.2363193      33.405043    -0.16015746
          2.375      -1.233614  0.00024810949     0.12241561      1.2248312      32.774472    -0.15986075
          2.376      -1.232636  -0.0006682402     0.12293771      1.2232061       33.50535    -0.15947069
          2.377     -1.2310003   0.0043783913     0.12003938      1.2256463      33.126221     -0.1588083
          2.378     -1.2295418 -0.00076794182      0.1155063      1.2258717      31.610722    -0.15824114
          2.379     -1.2283125  -0.0028489853     0.11582598      1.1965814      29.364336    -0.15772852
           2.38     -1.2272767  -0.0013902414     0.11799539      1.2085168      30.683313    -0.15732192
          2.381     -1.2260226   0.0018899141     0.11369075      1.1988557      29.803242    -0.15677872
          2.382     -1.2248844  -0.0037034388     0.11409607      1.2028275      29.784056    -0.15631144
          2.383     -1.2235532   0.0041045356      0.1106256      1.1827178      27.837508    -0.15576547
          2.384     -1.2225379  0.00019969172     0.11052528      1.1845886      28.578216    -0.15534446
          2.385     -1.2209716   0.0026752275     0.11169451      1.1842459       28.59328    -0.15475181
          2.386     -1.2200868   0.0030070372     0.10802182      1.1730825      26.221803    -0.15436328
          2.387     -1.2188642   0.0060939541     0.10876406      1.1666621      27.080626    -0.15387721
          2.388     -1.2179965   0.0011323634     0.10993616      1.1693893      27.845878    -0.15350535
          2.389     -1.2164698  -0.0026548259     0.10674572      1.1685089      26.612394    -0.15289299
           2.39     -1.2152812 -5.7143838e-05     0.10843626      1.1687349      26.880043    -0.15241069
          2.391     -1.2141314   0.0022448483     0.10707874       1.161669      26.532157    -0.15193222
          2.392      -1.213008  -0.0052954299     0.10726317      1.1690824      26.412138    -0.15147973
          2.393     -1.2124034   0.0042552677     0.10776505      1.1581967      26.357932    -0.15120375
          2.394     -1.2108477   0.0039353541     0.10673876      1.1526585      25.981869    -0.15057835
          2.395     -1.2094207   0.0018310859     0.10394804      1.1387647      24.750994     -0.1500147
          2.396     -1.2087077   0.0067626549     0.10527642      1.1399496      25.655081    -0.14969474
          2.397     -1.2072665   0.0043056317     0.10221502      1.1306168      24.558764    -0.14913187
          2.398     -1.2064098  -0.0038779598      0.1016567      1.1423095      23.822341    -0.14875587
          2.399     -1.2050265  0.00057781152     0.10176387      1.1285779      23.088357    -0.14820837
            2.4     -1.2040185   0.0011229887     0.10134287      1.1274317      23.879543    -0.14777331
