              x     u_solution   u_analytical  log10(relErr)
     0.10000000     0.37646816     0.53212510    -0.53384526
     0.20000000     0.61494312     0.66467380     -1.1259842
     0.30000000     0.39686033     0.65022655    -0.40931598
     0.40000000     0.73348997     0.58170252    -0.58346509
     0.50000000     0.29843098     0.49328475    -0.40338888
     0.60000000     0.82085552     0.39754849    0.027265377
     0.70000000     0.19395790     0.29911990    -0.45398646
     0.80000000     0.90920800     0.19970086     0.55057684
     0.90000000    0.091991358    0.099917450     -1.1005822
