ARMA_MAT_TXT_FN008
100 1
   9.86880867886066e+00
   3.94656872804080e+01
   8.87620027360826e+01
   1.57710064044433e+02
   2.46243168409081e+02
   3.54275665769375e+02
   4.81703041661291e+02
   6.28402018328412e+02
   7.94230673985221e+02
   9.79028580117243e+02
   1.18261695668528e+03
   1.40479884508355e+03
   1.64535929868442e+03
   1.90406559078537e+03
   2.18066743975708e+03
   2.47489725117472e+03
   2.78647037669827e+03
   3.11508538945142e+03
   3.46042437563260e+03
   3.82215324207604e+03
   4.19992203946534e+03
   4.59336530088684e+03
   5.00210239539525e+03
   5.42573789624949e+03
   5.86386196346256e+03
   6.31605074029522e+03
   6.78186676331003e+03
   7.26085938558898e+03
   7.75256521270527e+03
   8.25650855102746e+03
   8.77220186792240e+03
   9.29914626341153e+03
   9.83683195282436e+03
   1.03847387599823e+04
   1.09423366204354e+04
   1.15090860942655e+04
   1.20844388879597e+04
   1.26678383848486e+04
   1.32587201835972e+04
   1.38565126442269e+04
   1.44606374411396e+04
   1.50705101226112e+04
   1.56855406762104e+04
   1.63051340995976e+04
   1.69286909761516e+04
   1.75556080548661e+04
   1.81852788339561e+04
   1.88170941476097e+04
   1.94504427553159e+04
   2.00847119332010e+04
   2.07192880667990e+04
   2.13535572446841e+04
   2.19869058523903e+04
   2.26187211660438e+04
   2.32483919451339e+04
   2.38753090238484e+04
   2.44988659004024e+04
   2.51184593237896e+04
   2.57334898773888e+04
   2.63433625588604e+04
   2.69474873557731e+04
   2.75452798164027e+04
   2.81361616151514e+04
   2.87195611120403e+04
   2.92949139057345e+04
   2.98616633795646e+04
   3.04192612400177e+04
   3.09671680471756e+04
   3.15048537365885e+04
   3.20317981320776e+04
   3.25474914489725e+04
   3.30514347872947e+04
   3.35431406144110e+04
   3.40221332366900e+04
   3.44879492597048e+04
   3.49401380365374e+04
   3.53782621037505e+04
   3.58018976046047e+04
   3.62106346991132e+04
   3.66040779605347e+04
   3.69818467579240e+04
   3.73435756243674e+04
   3.76889146105486e+04
   3.80175296233017e+04
   3.83291027488253e+04
   3.86233325602429e+04
   3.88999344092146e+04
   3.91586407013156e+04
   3.93992011549164e+04
   3.96213830433147e+04
   3.98249714198828e+04
   4.00097693260148e+04
   4.01755979816716e+04
   4.03222969583387e+04
   4.04497243342306e+04
   4.05577568315909e+04
   4.06462899359556e+04
   4.07152379972639e+04
   4.07645343127196e+04
   4.07941311913211e+04
