ARMA_MAT_TXT_FN008
300 1
   2.99987582363358e+00
   6.99937908995174e+00
   1.09984849372062e+01
   1.49971957376087e+01
   1.89956035943248e+01
   2.29955214676826e+01
   2.70153960838597e+01
   3.11462713919280e+01
   3.55899901818928e+01
   4.05403749383268e+01
   4.60765960144030e+01
   5.22054730851533e+01
   5.89160387366730e+01
   6.61973562301688e+01
   7.40411561844596e+01
   8.24413776526982e+01
   9.13934662071283e+01
   1.00893857734465e+02
   1.10939638177362e+02
   1.21528322529528e+02
   1.32657709689884e+02
   1.44325785354918e+02
   1.56530655741025e+02
   1.69270501469706e+02
   1.82543544904961e+02
   1.96348026641152e+02
   2.10682188329560e+02
   2.25544259970531e+02
   2.40932450400969e+02
   2.56844940101312e+02
   2.73279875708670e+02
   2.90235365800521e+02
   3.07709477635429e+02
   3.25700234622421e+02
   3.44205614350698e+02
   3.63223547054405e+02
   3.82751914418214e+02
   4.02788548652221e+02
   4.23331231781427e+02
   4.44377695107574e+02
   4.65925618810488e+02
   4.87972631663237e+02
   5.10516310840806e+02
   5.33554181806232e+02
   5.57083718261333e+02
   5.81102342151739e+02
   6.05607423717879e+02
   6.30596281585191e+02
   6.56066182888017e+02
   6.82014343422675e+02
   7.08437927825978e+02
   7.35334049776131e+02
   7.62699772213414e+02
   7.90532107578552e+02
   8.18828018066940e+02
   8.47584415897238e+02
   8.76798163593048e+02
   9.06466074276586e+02
   9.36584911973436e+02
   9.67151391927575e+02
   9.98162180926013e+02
   1.02961389763243e+03
   1.06150311292933e+03
   1.09382635026825e+03
   1.12658008602763e+03
   1.15976074987801e+03
   1.19336472515429e+03
   1.22738834923469e+03
   1.26182791392626e+03
   1.29667966585673e+03
   1.33193980687236e+03
   1.36760449444187e+03
   1.40366984206605e+03
   1.44013191969302e+03
   1.47698675413900e+03
   1.51423032951442e+03
   1.55185858765535e+03
   1.58986742856002e+03
   1.62825271083037e+03
   1.66701025211862e+03
   1.70613582957861e+03
   1.74562518032198e+03
   1.78547400187903e+03
   1.82567795266408e+03
   1.86623265244551e+03
   1.90713368282015e+03
   1.94837658769207e+03
   1.98995687375566e+03
   2.03187001098300e+03
   2.07411143311532e+03
   2.11667653815860e+03
   2.15956068888319e+03
   2.20275921332743e+03
   2.24626740530507e+03
   2.29008052491666e+03
   2.33419379906456e+03
   2.37860242197181e+03
   2.42330155570450e+03
   2.46828633069782e+03
   2.51355184628558e+03
   2.55909317123315e+03
   2.60490534427388e+03
   2.65098337464877e+03
   2.69732224264939e+03
   2.74391690016409e+03
   2.79076227122725e+03
   2.83785325257165e+03
   2.88518471418386e+03
   2.93275149986254e+03
   2.98054842777966e+03
   3.02857029104452e+03
   3.07681185827052e+03
   3.12526787414467e+03
   3.17393305999965e+03
   3.22280211438853e+03
   3.27186971366192e+03
   3.32113051254754e+03
   3.37057914473230e+03
   3.42021022344648e+03
   3.47001834205036e+03
   3.51999807462287e+03
   3.57014397655245e+03
   3.62045058512991e+03
   3.67091242014328e+03
   3.72152398447463e+03
   3.77227976469862e+03
   3.82317423168299e+03
   3.87420184119065e+03
   3.92535703448346e+03
   3.97663423892763e+03
   4.02802786860059e+03
   4.07953232489934e+03
   4.13114199715019e+03
   4.18285126321982e+03
   4.23465449012758e+03
   4.28654603465898e+03
   4.33852024398029e+03
   4.39057145625426e+03
   4.44269400125670e+03
   4.49488220099409e+03
   4.54713037032199e+03
   4.59943281756423e+03
   4.65178384513280e+03
   4.70417775014847e+03
   4.75660882506187e+03
   4.80907135827514e+03
   4.86155963476404e+03
   4.91406793670043e+03
   4.96659054407499e+03
   5.01912173532026e+03
   5.07165578793382e+03
   5.12418697910155e+03
   5.17670958632097e+03
   5.22921788802451e+03
   5.28170616420267e+03
   5.33416869702706e+03
   5.38659977147316e+03
   5.43899367594275e+03
   5.49134470288605e+03
   5.54364714942334e+03
   5.59589531796608e+03
   5.64808351683750e+03
   5.70020606089249e+03
   5.75225727213679e+03
   5.80423148034544e+03
   5.85612302368030e+03
   5.90792624930673e+03
   5.95963551400923e+03
   6.01124518480608e+03
   6.06274963956281e+03
   6.11414326760452e+03
   6.16542047032691e+03
   6.21657566180604e+03
   6.26760326940666e+03
   6.31849773438910e+03
   6.36925351251465e+03
   6.41986507464933e+03
   6.47032690736601e+03
   6.52063351354486e+03
   6.57077941297193e+03
   6.62075914293593e+03
   6.67056725882312e+03
   6.72019833471012e+03
   6.76964696395481e+03
   6.81890775978497e+03
   6.86797535588482e+03
   6.91684440697937e+03
   6.96550958941633e+03
   7.01396560174573e+03
   7.06220716529712e+03
   7.11022902475419e+03
   7.15802594872692e+03
   7.20559273032101e+03
   7.25292418770466e+03
   7.30001516467263e+03
   7.34686053120739e+03
   7.39345518403745e+03
   7.43979404719275e+03
   7.48587207255697e+03
   7.53168424041686e+03
   7.57722556000837e+03
   7.62249107005955e+03
   7.66747583933031e+03
   7.71217496714872e+03
   7.75658358394400e+03
   7.80069685177603e+03
   7.84450996486136e+03
   7.88801815009562e+03
   7.93121666757231e+03
   7.97410081109787e+03
   8.01666590870302e+03
   8.05890732315019e+03
   8.10082045243710e+03
   8.14240073029642e+03
   8.18364362669131e+03
   8.22454464830689e+03
   8.26509933903764e+03
   8.30530328047040e+03
   8.34515209236321e+03
   8.38464143311969e+03
   8.42376700025905e+03
   8.46252453088148e+03
   8.50090980212899e+03
   8.53891863164162e+03
   8.57654687800879e+03
   8.61379044121583e+03
   8.65064526308565e+03
   8.68710732771522e+03
   8.72317266190708e+03
   8.75883733559546e+03
   8.79409746226716e+03
   8.82894919937685e+03
   8.86338874875685e+03
   8.89741235702109e+03
   8.93101631596322e+03
   8.96419696294854e+03
   8.99695068129983e+03
   9.02927390067654e+03
   9.06116309744740e+03
   9.09261479505601e+03
   9.12362556437922e+03
   9.15419202407793e+03
   9.18431084093994e+03
   9.21397873021449e+03
   9.24319245593789e+03
   9.27194883124988e+03
   9.30024471869985e+03
   9.32807703054243e+03
   9.35544272902134e+03
   9.38233882664081e+03
   9.40876238642306e+03
   9.43471052215080e+03
   9.46018039859281e+03
   9.48516923171101e+03
   9.50967428884639e+03
   9.53369288888135e+03
   9.55722240237502e+03
   9.58026025166753e+03
   9.60280391094869e+03
   9.62485090628495e+03
   9.64639881559770e+03
   9.66744526858418e+03
   9.68798794657002e+03
   9.70802458228031e+03
   9.72755295951223e+03
   9.74657091268862e+03
   9.76507632626588e+03
   9.78306713396282e+03
   9.80054131776783e+03
   9.81749690666921e+03
   9.83393197503747e+03
   9.84984464056674e+03
   9.86523306165259e+03
   9.88009543404378e+03
   9.89442998654981e+03
   9.90823497550887e+03
   9.92150867761167e+03
   9.93424938052075e+03
   9.94645537049853e+03
   9.95812491592449e+03
   9.96925624508231e+03
   9.97984751583631e+03
   9.98989677362680e+03
   9.99940189231377e+03
   1.00083604892741e+04
   1.00167698008531e+04
   1.00246264949100e+04
   1.00319263798984e+04
   1.00386639360521e+04
   1.00448315229529e+04
   1.00504179525818e+04
   1.00554056803271e+04
   1.00597644713185e+04
   1.00634356433305e+04
   1.00663863001368e+04
   1.00692139663511e+04
   1.00728042528080e+04
   1.00773866339462e+04
   1.00832172009978e+04
   1.00911093465207e+04
