ARMA_MAT_TXT_FN008
300 1
   2.99987582363426e+00
   6.99937908995171e+00
   1.09984849372064e+01
   1.49971957376093e+01
   1.89956035943251e+01
   2.29955214676833e+01
   2.70153960838605e+01
   3.11462713919290e+01
   3.55899901818944e+01
   4.05403749383290e+01
   4.60765960144051e+01
   5.22054730851556e+01
   5.89160387366758e+01
   6.61973562301713e+01
   7.40411561844632e+01
   8.24413776527015e+01
   9.13934662071315e+01
   1.00893857734470e+02
   1.10939638177366e+02
   1.21528322529533e+02
   1.32657709689888e+02
   1.44325785354925e+02
   1.56530655741031e+02
   1.69270501469714e+02
   1.82543544904968e+02
   1.96348026641160e+02
   2.10682188329568e+02
   2.25544259970540e+02
   2.40932450400978e+02
   2.56844940101320e+02
   2.73279875708682e+02
   2.90235365800533e+02
   3.07709477635443e+02
   3.25700234622435e+02
   3.44205614350713e+02
   3.63223547054420e+02
   3.82751914418227e+02
   4.02788548652235e+02
   4.23331231781445e+02
   4.44377695107592e+02
   4.65925618810507e+02
   4.87972631663257e+02
   5.10516310840826e+02
   5.33554181806258e+02
   5.57083718261355e+02
   5.81102342151768e+02
   6.05607423717902e+02
   6.30596281585217e+02
   6.56066182888036e+02
   6.82014343422701e+02
   7.08437927826005e+02
   7.35334049776168e+02
   7.62699772213448e+02
   7.90532107578583e+02
   8.18828018066973e+02
   8.47584415897270e+02
   8.76798163593084e+02
   9.06466074276618e+02
   9.36584911973471e+02
   9.67151391927610e+02
   9.98162180926048e+02
   1.02961389763247e+03
   1.06150311292938e+03
   1.09382635026829e+03
   1.12658008602767e+03
   1.15976074987806e+03
   1.19336472515433e+03
   1.22738834923473e+03
   1.26182791392632e+03
   1.29667966585678e+03
   1.33193980687242e+03
   1.36760449444193e+03
   1.40366984206612e+03
   1.44013191969308e+03
   1.47698675413905e+03
   1.51423032951447e+03
   1.55185858765541e+03
   1.58986742856008e+03
   1.62825271083042e+03
   1.66701025211868e+03
   1.70613582957867e+03
   1.74562518032204e+03
   1.78547400187909e+03
   1.82567795266414e+03
   1.86623265244557e+03
   1.90713368282022e+03
   1.94837658769215e+03
   1.98995687375573e+03
   2.03187001098307e+03
   2.07411143311541e+03
   2.11667653815870e+03
   2.15956068888329e+03
   2.20275921332753e+03
   2.24626740530517e+03
   2.29008052491675e+03
   2.33419379906466e+03
   2.37860242197192e+03
   2.42330155570457e+03
   2.46828633069793e+03
   2.51355184628567e+03
   2.55909317123325e+03
   2.60490534427399e+03
   2.65098337464887e+03
   2.69732224264947e+03
   2.74391690016420e+03
   2.79076227122735e+03
   2.83785325257174e+03
   2.88518471418397e+03
   2.93275149986262e+03
   2.98054842777976e+03
   3.02857029104462e+03
   3.07681185827063e+03
   3.12526787414478e+03
   3.17393305999978e+03
   3.22280211438866e+03
   3.27186971366203e+03
   3.32113051254769e+03
   3.37057914473242e+03
   3.42021022344661e+03
   3.47001834205048e+03
   3.51999807462300e+03
   3.57014397655260e+03
   3.62045058513002e+03
   3.67091242014344e+03
   3.72152398447476e+03
   3.77227976469877e+03
   3.82317423168315e+03
   3.87420184119079e+03
   3.92535703448362e+03
   3.97663423892781e+03
   4.02802786860074e+03
   4.07953232489951e+03
   4.13114199715036e+03
   4.18285126321998e+03
   4.23465449012776e+03
   4.28654603465911e+03
   4.33852024398044e+03
   4.39057145625443e+03
   4.44269400125684e+03
   4.49488220099425e+03
   4.54713037032219e+03
   4.59943281756440e+03
   4.65178384513296e+03
   4.70417775014863e+03
   4.75660882506200e+03
   4.80907135827533e+03
   4.86155963476422e+03
   4.91406793670065e+03
   4.96659054407520e+03
   5.01912173532041e+03
   5.07165578793401e+03
   5.12418697910173e+03
   5.17670958632117e+03
   5.22921788802473e+03
   5.28170616420286e+03
   5.33416869702725e+03
   5.38659977147336e+03
   5.43899367594293e+03
   5.49134470288623e+03
   5.54364714942354e+03
   5.59589531796630e+03
   5.64808351683771e+03
   5.70020606089269e+03
   5.75225727213698e+03
   5.80423148034565e+03
   5.85612302368055e+03
   5.90792624930697e+03
   5.95963551400951e+03
   6.01124518480634e+03
   6.06274963956308e+03
   6.11414326760475e+03
   6.16542047032715e+03
   6.21657566180631e+03
   6.26760326940686e+03
   6.31849773438933e+03
   6.36925351251496e+03
   6.41986507464956e+03
   6.47032690736624e+03
   6.52063351354510e+03
   6.57077941297217e+03
   6.62075914293619e+03
   6.67056725882336e+03
   6.72019833471035e+03
   6.76964696395505e+03
   6.81890775978520e+03
   6.86797535588507e+03
   6.91684440697970e+03
   6.96550958941667e+03
   7.01396560174603e+03
   7.06220716529738e+03
   7.11022902475446e+03
   7.15802594872723e+03
   7.20559273032126e+03
   7.25292418770496e+03
   7.30001516467292e+03
   7.34686053120764e+03
   7.39345518403779e+03
   7.43979404719304e+03
   7.48587207255729e+03
   7.53168424041713e+03
   7.57722556000865e+03
   7.62249107005986e+03
   7.66747583933064e+03
   7.71217496714903e+03
   7.75658358394434e+03
   7.80069685177631e+03
   7.84450996486169e+03
   7.88801815009594e+03
   7.93121666757262e+03
   7.97410081109821e+03
   8.01666590870332e+03
   8.05890732315043e+03
   8.10082045243742e+03
   8.14240073029675e+03
   8.18364362669165e+03
   8.22454464830721e+03
   8.26509933903794e+03
   8.30530328047078e+03
   8.34515209236351e+03
   8.38464143311998e+03
   8.42376700025940e+03
   8.46252453088183e+03
   8.50090980212926e+03
   8.53891863164195e+03
   8.57654687800907e+03
   8.61379044121616e+03
   8.65064526308594e+03
   8.68710732771555e+03
   8.72317266190745e+03
   8.75883733559579e+03
   8.79409746226749e+03
   8.82894919937717e+03
   8.86338874875718e+03
   8.89741235702150e+03
   8.93101631596354e+03
   8.96419696294888e+03
   8.99695068130010e+03
   9.02927390067690e+03
   9.06116309744774e+03
   9.09261479505637e+03
   9.12362556437966e+03
   9.15419202407827e+03
   9.18431084094034e+03
   9.21397873021486e+03
   9.24319245593828e+03
   9.27194883125022e+03
   9.30024471870030e+03
   9.32807703054286e+03
   9.35544272902176e+03
   9.38233882664121e+03
   9.40876238642348e+03
   9.43471052215123e+03
   9.46018039859321e+03
   9.48516923171133e+03
   9.50967428884673e+03
   9.53369288888175e+03
   9.55722240237533e+03
   9.58026025166797e+03
   9.60280391094909e+03
   9.62485090628535e+03
   9.64639881559817e+03
   9.66744526858465e+03
   9.68798794657040e+03
   9.70802458228070e+03
   9.72755295951270e+03
   9.74657091268905e+03
   9.76507632626628e+03
   9.78306713396329e+03
   9.80054131776836e+03
   9.81749690666962e+03
   9.83393197503790e+03
   9.84984464056716e+03
   9.86523306165301e+03
   9.88009543404417e+03
   9.89442998655027e+03
   9.90823497550922e+03
   9.92150867761208e+03
   9.93424938052116e+03
   9.94645537049899e+03
   9.95812491592499e+03
   9.96925624508284e+03
   9.97984751583672e+03
   9.98989677362726e+03
   9.99940189231425e+03
   1.00083604892747e+04
   1.00167698008536e+04
   1.00246264949105e+04
   1.00319263798989e+04
   1.00386639360526e+04
   1.00448315229533e+04
   1.00504179525823e+04
   1.00554056803277e+04
   1.00597644713190e+04
   1.00634356433310e+04
   1.00663863001373e+04
   1.00692139663516e+04
   1.00728042528086e+04
   1.00773866339467e+04
   1.00832172009982e+04
   1.00911093465212e+04
