ARMA_MAT_TXT_FN008
200 1
   1.28478120532075e-02
   2.56282555831516e-02
   3.82744723312548e-02
   5.07208145585882e-02
   6.29033733686982e-02
   7.47605252177475e-02
   8.62334507182286e-02
   9.72666196300593e-02
   1.07808236457161e-01
   1.17810641672998e-01
   1.27230664277333e-01
   1.36029922120235e-01
   1.44175067211111e-01
   1.51637974040811e-01
   1.58395869770634e-01
   1.64431405972485e-01
   1.69732672417247e-01
   1.74293154197983e-01
   1.78111634223059e-01
   1.81192043810765e-01
   1.83543264752559e-01
   1.85178886774970e-01
   1.86116924814664e-01
   1.86379500922802e-01
   1.85992495924441e-01
   1.84985176181040e-01
   1.83389800934918e-01
   1.81241215752525e-01
   1.78576437539901e-01
   1.75434236473565e-01
   1.71854719985853e-01
   1.67878923670415e-01
   1.63548413637377e-01
   1.58904904460714e-01
   1.53989896429001e-01
   1.48844335346044e-01
   1.43508297639607e-01
   1.38020703033238e-01
   1.32419056528164e-01
   1.26739220939403e-01
   1.21015220737294e-01
   1.15279077475273e-01
   1.09560676638104e-01
   1.03887665332617e-01
   9.82853798666440e-02
   9.27768019267213e-02
   8.73825417743731e-02
   8.21208466323548e-02
   7.70076322345328e-02
   7.20565353574808e-02
   6.72789850430092e-02
   6.26842901547486e-02
   5.82797408866051e-02
   5.40707218549477e-02
   5.00608344525615e-02
   4.62520262210178e-02
   4.26447251035703e-02
   3.92379765679769e-02
   3.60295817351277e-02
   3.30162348108409e-02
   3.01936582868042e-02
   2.75567345573276e-02
   2.50996327772397e-02
   2.28159299662489e-02
   2.06987255434298e-02
   1.87407486449276e-02
   1.69344577426692e-02
   1.52721322330534e-02
   1.37459558072846e-02
   1.23480915441673e-02
   1.10707487809443e-02
   9.90624192046482e-03
   8.84704142153097e-03
   7.88581729263926e-03
   7.01547547078786e-03
   6.22918751605353e-03
   5.52041408674324e-03
   4.88292268749559e-03
   4.31080019494968e-03
   3.79846067243628e-03
   3.34064898137903e-03
   2.93244068771984e-03
   2.56923874610382e-03
   2.24676742208615e-03
   1.96106388943292e-03
   1.70846791016010e-03
   1.48560997578872e-03
   1.28939825562989e-03
   1.11700466622970e-03
   9.65850343589566e-04
   8.33590767131791e-04
   7.18100754401474e-04
   6.17459514798710e-04
   5.29935922613180e-04
   4.53974143101899e-04
   3.88179721696158e-04
   3.31306222474139e-04
   2.82242483718094e-04
   2.40000538171915e-04
   2.03704230906042e-04
   1.72578554095946e-04
   1.45939703430918e-04
   1.23185854050732e-04
   1.03788642212311e-04
   8.72853337687356e-05
   7.32716547478704e-05
   6.13952538916691e-05
   5.13497646786430e-05
   4.28694324905441e-05
   3.57242707791691e-05
   2.97157089953887e-05
   2.46726963888467e-05
   2.04482250238325e-05
   1.69162376024852e-05
   1.39688854893562e-05
   1.15141053685833e-05
   9.47348422983959e-06
   7.78038311299644e-06
   6.37829414165585e-06
   5.21940512481929e-06
   4.26334965083386e-06
   3.47612145379421e-06
   2.82913413748807e-06
   2.29840888425919e-06
   1.86387464789569e-06
   1.50876743377347e-06
   1.21911484084355e-06
   9.83295746286216e-07
   7.91664889565781e-07
   6.36233858439763e-07
   5.10400191459044e-07
   4.08718215451694e-07
   3.26705708561305e-07
   2.60681019813088e-07
   2.07626422941487e-07
   1.65073247930090e-07
   1.31006328739509e-07
   1.03783763636561e-07
   8.20707419609826e-08
   6.47843807525285e-08
   5.10475753766605e-08
   4.01516715562370e-08
   3.15250581107380e-08
   2.47076595464650e-08
   1.93299934529404e-08
   1.50958330020513e-08
   1.17681441992245e-08
   9.15765058118409e-09
   7.11353782883622e-09
   5.51583474916279e-09
   4.26941128896990e-09
   3.29872257473883e-09
   2.54415811300369e-09
   1.95872891179819e-09
   1.50533221557273e-09
   1.15484909491051e-09
   8.84354112674427e-10
   6.76031001989674e-10
   5.15834890363746e-10
   3.92900009142471e-10
   2.98773245318490e-10
   2.26801586507832e-10
   1.71880771692425e-10
   1.30000522766379e-10
   9.81666550310604e-11
   7.39818092349335e-11
   5.57035062954788e-11
   4.18874458849062e-11
   3.13883862829339e-11
   2.35039354208981e-11
   1.75879787176871e-11
   1.31041372564090e-11
   9.67577704176324e-12
   7.18351315691086e-12
   5.35675137669355e-12
   3.95241126669806e-12
   2.86194204550456e-12
   2.02061660730046e-12
   1.48254680684615e-12
   1.08308782344023e-12
   7.94166601623464e-13
   5.54188604635026e-13
   3.56324091207025e-13
   3.10454778619877e-13
   2.37189223109203e-13
   1.45463224032541e-13
   1.18656272763651e-13
   1.35923374981712e-13
   1.31870891705024e-13
   1.19523755384590e-13
   1.10068803039425e-13
   6.62415079700410e-14
   7.88670590185586e-14
   7.41388744823250e-14
   8.29706363708682e-14
   8.95836413505268e-14
   4.65193694772977e-14
   3.81082600624788e-14
   5.63527769633394e-15
   3.08240004069183e-15
