ARMA_MAT_TXT_FN008
200 1
   9.54452760161979e-04
   1.90748992020435e-03
   2.90513675864724e-03
   3.94663669182731e-03
   5.03135036662978e-03
   6.15864184469508e-03
   7.32784164427088e-03
   8.53823155172597e-03
   9.78903757293358e-03
   1.10794265291076e-02
   1.24085045178822e-02
   1.37753164365388e-02
   1.51788461713963e-02
   1.66180172391485e-02
   1.80916937594683e-02
   1.95986816845397e-02
   2.11377302394567e-02
   2.27075335414128e-02
   2.43067323757752e-02
   2.59339161126955e-02
   2.75876247511888e-02
   2.92663510801515e-02
   3.09685429474430e-02
   3.26926056278999e-02
   3.44369042844630e-02
   3.61997665132958e-02
   3.79794849674926e-02
   3.97743200519400e-02
   4.15825026829285e-02
   4.34022371055560e-02
   4.52317037623678e-02
   4.70690622072636e-02
   4.89124540570547e-02
   5.07600059745515e-02
   5.26098326770664e-02
   5.44600399623951e-02
   5.63087277470686e-02
   5.81539931094157e-02
   5.99939333309435e-02
   6.18266489300699e-02
   6.36502466813249e-02
   6.54628426134318e-02
   6.72625649808225e-02
   6.90475572014700e-02
   7.08159807557223e-02
   7.25660180400364e-02
   7.42958751694909e-02
   7.60037847238167e-02
   7.76880084314980e-02
   7.93468397868314e-02
   8.09786065940482e-02
   8.25816734352330e-02
   8.41544440559652e-02
   8.56953636647424e-02
   8.72029211424071e-02
   8.86756511572390e-02
   9.01121361822128e-02
   9.15110084110144e-02
   9.28709515695818e-02
   9.41907026205298e-02
   9.54690533577639e-02
   9.67048518890490e-02
   9.78970040040911e-02
   9.90444744274454e-02
   1.00146287953338e-01
   1.01201530462559e-01
   1.02209349819870e-01
   1.03168956651436e-01
   1.04079625002128e-01
   1.04940692872775e-01
   1.05751562637087e-01
   1.06511701339187e-01
   1.07220640872763e-01
   1.07877978042450e-01
   1.08483374508734e-01
   1.09036556618655e-01
   1.09537315122894e-01
   1.09985504782945e-01
   1.10381043868476e-01
   1.10723913549656e-01
   1.11014157185572e-01
   1.11251879511953e-01
   1.11437245731579e-01
   1.11570480510314e-01
   1.11651866882703e-01
   1.11681745069677e-01
   1.11660511213147e-01
   1.11588616030724e-01
   1.11466563394262e-01
   1.11294908837387e-01
   1.11074257994480e-01
   1.10805264977263e-01
   1.10488630691395e-01
   1.10125101098926e-01
   1.09715465430293e-01
   1.09260554349974e-01
   1.08761238081251e-01
   1.08218424493649e-01
   1.07633057157850e-01
   1.07006113372395e-01
   1.06338602166735e-01
   1.05631562285350e-01
   1.04886060156069e-01
   1.04103187848301e-01
   1.03284061024795e-01
   1.02429816890513e-01
   1.01541612143540e-01
   1.00620620931716e-01
   9.96680328185871e-02
   9.86850507627577e-02
   9.76728891141371e-02
   9.66327716302371e-02
   9.55659295169869e-02
   9.44735994958796e-02
   9.33570219017279e-02
   9.22174388135113e-02
   9.10560922209497e-02
   8.98742222298334e-02
   8.86730653088073e-02
   8.74538525791691e-02
   8.62178081505752e-02
   8.49661475047538e-02
   8.37000759284387e-02
   8.24207869975397e-02
   8.11294611148689e-02
   7.98272641013740e-02
   7.85153458432809e-02
   7.71948389954758e-02
   7.58668577426262e-02
   7.45324966179652e-02
   7.31928293813820e-02
   7.18489079559671e-02
   7.05017614247103e-02
   6.91523950860771e-02
   6.78017895693272e-02
   6.64509000090528e-02
   6.51006552788659e-02
   6.37519572834341e-02
   6.24056803084497e-02
   6.10626704280799e-02
   5.97237449684364e-02
   5.83896920265864e-02
   5.70612700445120e-02
   5.57392074352456e-02
   5.44242022619367e-02
   5.31169219667863e-02
   5.18180031493799e-02
   5.05280513924825e-02
   4.92476411336484e-02
   4.79773155812987e-02
   4.67175866726118e-02
   4.54689350724719e-02
   4.42318102106338e-02
   4.30066303557384e-02
   4.17937827238926e-02
   4.05936236191765e-02
   3.94064786055132e-02
   3.82326427056373e-02
   3.70723806265130e-02
   3.59259270085368e-02
   3.47934866957351e-02
   3.36752350256411e-02
   3.25713181350527e-02
   3.14818532811268e-02
   3.04069291736687e-02
   2.93466063175275e-02
   2.83009173619182e-02
   2.72698674545665e-02
   2.62534345981178e-02
   2.52515700062613e-02
   2.42641984574000e-02
   2.32912186430595e-02
   2.23325035084919e-02
   2.13879005833589e-02
   2.04572322993416e-02
   1.95402962925513e-02
   1.86368656880068e-02
   1.77466893640905e-02
   1.68694921928193e-02
   1.60049752552250e-02
   1.51528160276658e-02
   1.43126685369139e-02
   1.34841634813223e-02
   1.26669083145989e-02
   1.18604872900959e-02
   1.10644614622211e-02
   1.02783686413116e-02
   9.50172330017206e-03
   8.73401642777947e-03
   7.97471532748580e-03
   7.22326335569863e-03
   6.47907959833823e-03
   5.74155848010784e-03
   5.01006930371352e-03
   4.28395571475373e-03
   3.56253508715615e-03
   2.84509782592160e-03
   2.13090658170360e-03
   1.41919537217015e-03
   7.09168605486578e-04
