ARMA_MAT_TXT_FN008
200 1
   2.97490672099119e-03
   5.94761873799065e-03
   8.91590798528605e-03
   1.18775699140734e-02
   1.48304081736006e-02
   1.77722373217694e-02
   2.07008855168336e-02
   2.36141971855554e-02
   2.65100356632705e-02
   2.93862858012494e-02
   3.22408565371033e-02
   3.50716834236436e-02
   3.78767311119688e-02
   4.06539957845677e-02
   4.34015075345298e-02
   4.61173326867589e-02
   4.87995760574640e-02
   5.14463831481299e-02
   5.40559422704773e-02
   5.66264865989645e-02
   5.91562961478253e-02
   6.16436996692265e-02
   6.40870764699584e-02
   6.64848581436024e-02
   6.88355302159454e-02
   7.11376337010374e-02
   7.33897665659361e-02
   7.55905851019096e-02
   7.77388052006297e-02
   7.98332035334230e-02
   8.18726186325092e-02
   8.38559518727135e-02
   8.57821683530926e-02
   8.76502976773001e-02
   8.94594346325675e-02
   9.12087397664008e-02
   9.28974398613435e-02
   9.45248283073916e-02
   9.60902653728377e-02
   9.75931783735471e-02
   9.90330617416149e-02
   1.00409476993838e-01
   1.01722052601529e-01
   1.02970483762407e-01
   1.04154532076504e-01
   1.05274025127040e-01
   1.06328855968509e-01
   1.07318982523426e-01
   1.08244426890263e-01
   1.09105274564341e-01
   1.09901673574492e-01
   1.10633833537434e-01
   1.11302024633066e-01
   1.11906576502888e-01
   1.12447877074904e-01
   1.12926371317520e-01
   1.13342559925974e-01
   1.13696997943996e-01
   1.13990293324418e-01
   1.14223105431547e-01
   1.14396143489180e-01
   1.14510164977353e-01
   1.14565973981640e-01
   1.14564419498201e-01
   1.14506393698485e-01
   1.14392830156815e-01
   1.14224702044929e-01
   1.14003020296715e-01
   1.13728831747063e-01
   1.13403217248132e-01
   1.13027289766936e-01
   1.12602192467599e-01
   1.12129096782076e-01
   1.11609200472591e-01
   1.11043725689485e-01
   1.10433917027623e-01
   1.09781039584991e-01
   1.09086377026546e-01
   1.08351229656736e-01
   1.07576912503643e-01
   1.06764753418028e-01
   1.05916091189935e-01
   1.05032273686036e-01
   1.04114656010249e-01
   1.03164598690557e-01
   1.02183465894402e-01
   1.01172623675301e-01
   1.00133438252676e-01
   9.90672743275654e-02
   9.79754934360337e-02
   9.68594523425520e-02
   9.57205014749491e-02
   9.45599834028782e-02
   9.33792313611807e-02
   9.21795678199955e-02
   9.09623031027204e-02
   8.97287340533317e-02
   8.84801427538118e-02
   8.72177952930991e-02
   8.59429405880459e-02
   8.46568092575376e-02
   8.33606125500026e-02
   8.20555413251850e-02
   8.07427650902242e-02
   7.94234310906529e-02
   7.80986634561113e-02
   7.67695624011454e-02
   7.54372034807297e-02
   7.41026369006846e-02
   7.27668868823305e-02
   7.14309510813548e-02
   7.00958000599884e-02
   6.87623768123529e-02
   6.74315963420401e-02
   6.61043452914001e-02
   6.47814816214011e-02
   6.34638343414006e-02
   6.21522032876496e-02
   6.08473589497390e-02
   5.95500423436109e-02
   5.82609649301238e-02
   5.69808085776937e-02
   5.57102255679868e-02
   5.44498386431033e-02
   5.32002410930964e-02
   5.19619968821290e-02
   5.07356408119321e-02
   4.95216787210284e-02
   4.83205877182151e-02
   4.71328164486961e-02
   4.59587853913731e-02
   4.47988871855641e-02
   4.36534869856834e-02
   4.25229228421014e-02
   4.14075061066364e-02
   4.03075218610707e-02
   3.92232293670388e-02
   3.81548625356624e-02
   3.71026304152234e-02
   3.60667176953272e-02
   3.50472852258779e-02
   3.40444705494438e-02
   3.30583884453057e-02
   3.20891314836337e-02
   3.11367705881930e-02
   3.02013556061493e-02
   2.92829158834843e-02
   2.83814608445410e-02
   2.74969805741822e-02
   2.66294464012789e-02
   2.57788114819192e-02
   2.49450113812489e-02
   2.41279646523677e-02
   2.33275734111629e-02
   2.25437239057198e-02
   2.17762870791409e-02
   2.10251191243879e-02
   2.02900620301773e-02
   1.95709441165569e-02
   1.88675805593182e-02
   1.81797739019307e-02
   1.75073145540854e-02
   1.68499812754780e-02
   1.62075416442313e-02
   1.55797525086415e-02
   1.49663604215768e-02
   1.43671020561986e-02
   1.37817046023564e-02
   1.32098861424364e-02
   1.26513560060977e-02
   1.21058151026679e-02
   1.15729562305847e-02
   1.10524643625335e-02
   1.05440169058788e-02
   1.00472839370072e-02
   9.56192840909801e-03
   9.08760633195816e-03
   8.62396692330090e-03
   8.17065273015941e-03
   7.72729971981738e-03
   7.29353733871707e-03
   6.86898853876200e-03
   6.45326976942505e-03
   6.04599093488262e-03
   5.64675531450008e-03
   5.25515944580556e-03
   4.87079296803626e-03
   4.49323842532994e-03
   4.12207102759482e-03
   3.75685836768321e-03
   3.39716009273229e-03
   3.04252752811202e-03
   2.69250325169436e-03
   2.34662061658267e-03
   2.00440321963521e-03
   1.66536431351246e-03
   1.32900615932681e-03
   9.94819317254437e-04
   6.62281871857145e-04
   3.30858588910428e-04
