ARMA_MAT_TXT_FN008
200 1
   1.20778876516475e-02
   2.40346469475273e-02
   3.63486828582964e-02
   4.89027591039437e-02
   6.15791300828310e-02
   7.42597100212562e-02
   8.68272197226688e-02
   9.91665873733703e-02
   1.11166402924097e-01
   1.22720341624507e-01
   1.33728508244428e-01
   1.44098668257038e-01
   1.53747340322195e-01
   1.62600730160100e-01
   1.70595490822205e-01
   1.77679298970162e-01
   1.83811241225558e-01
   1.88962008969622e-01
   1.93113904110897e-01
   1.96260662233027e-01
   1.98407103111643e-01
   1.99568621779867e-01
   1.99770536067252e-01
   1.99047308789974e-01
   1.97441664497687e-01
   1.95003621868875e-01
   1.91789463488539e-01
   1.87860664851863e-01
   1.83282804045338e-01
   1.78124472697647e-01
   1.72456207516682e-01
   1.66349460097361e-01
   1.59875620757046e-01
   1.53105110000984e-01
   1.46106548909609e-01
   1.38946017339692e-01
   1.31686406409174e-01
   1.24386869353069e-01
   1.17102372551554e-01
   1.09883346388080e-01
   1.02775433638354e-01
   9.58193313536612e-02
   8.90507207036436e-02
   8.25002780040600e-02
   7.61937591811833e-02
   7.01521492111567e-02
   6.43918676160633e-02
   5.89250208845669e-02
   5.37596926922857e-02
   4.89002630041921e-02
   4.43477475229660e-02
   4.01001494744164e-02
   3.61528163645267e-02
   3.24987950759351e-02
   2.91291794657180e-02
   2.60334454532366e-02
   2.31997694260683e-02
   2.06153266209446e-02
   1.82665669335684e-02
   1.61394663651657e-02
   1.42197530109126e-02
   1.24931071242292e-02
   1.09453353480152e-02
   9.56251968494390e-03
   8.33114218190225e-03
   7.23818663005685e-03
   6.27121883514851e-03
   5.41844719715579e-03
   4.66876545797148e-03
   4.01177953963527e-03
   3.43782040929320e-03
   2.93794487601814e-03
   2.50392615995033e-03
   2.12823598034197e-03
   1.80401979186049e-03
   1.52506666713638e-03
   1.28577518126763e-03
   1.08111650665641e-03
   9.06595777928202e-04
   7.58212641055298e-04
   6.32421761084150e-04
   5.26093930119111e-04
   4.36478294891505e-04
   3.61166111434122e-04
   2.98056333341507e-04
   2.45323252002841e-04
   2.01386329713309e-04
   1.64882300125133e-04
   1.34639556040240e-04
   1.09654798919562e-04
   8.90718880728225e-05
   7.21627998221386e-05
   5.83105859344346e-05
   4.69942062742563e-05
   3.77751017427574e-05
   3.02853687046531e-05
   2.42173956083393e-05
   1.93148245685474e-05
   1.53647053523651e-05
   1.21907152281819e-05
   9.64732544234983e-06
   7.61480424868894e-06
   5.99495438787408e-06
   4.70749176467204e-06
   3.68698180044542e-06
   2.88025756123253e-06
   2.24425239600842e-06
   1.74418774904798e-06
   1.35206332300383e-06
   1.04540403560716e-06
   8.06223957618573e-07
   6.20172704900469e-07
   4.75834635049782e-07
   3.64155479099927e-07
   2.77975152067215e-07
   2.11648128855442e-07
   1.60735975479717e-07
   1.21759500192935e-07
   9.19993292411818e-08
   6.93360827299979e-08
   5.21228347041422e-08
   3.90833526458130e-08
   2.92314790508960e-08
   2.18075095053042e-08
   1.62277802115535e-08
   1.20450835307039e-08
   8.91783307195019e-09
   6.58582733244125e-09
   4.85135647211381e-09
   3.56463897179984e-09
   2.61256115661005e-09
   1.90990843518526e-09
   1.39266311948200e-09
   1.01296039017133e-09
   7.34956072416492e-10
   5.31873849169937e-10
   3.83978188839963e-10
   2.76569379468157e-10
   1.98662697315537e-10
   1.42336925348388e-10
   1.01769810185734e-10
   7.25810167174828e-11
   5.16202616130110e-11
   3.66299974543455e-11
   2.59151178645061e-11
   1.82349693696204e-11
   1.27943666184193e-11
   8.96151582080761e-12
   6.20977938694155e-12
   4.31161424444671e-12
   3.03535975100130e-12
   2.08294241480137e-12
   1.41677528147964e-12
   1.03408356641928e-12
   7.70764695117727e-13
   5.66077821765823e-13
   4.50024544426646e-13
   3.64028719848234e-13
   2.55080556566688e-13
   1.59356622843534e-13
   9.25418289138922e-14
   1.66899252579793e-14
  -3.47759581649286e-14
  -3.84802496814927e-14
  -6.83538106097879e-14
  -1.02901059988672e-13
  -6.88448261116066e-14
  -3.88985835432383e-14
  -4.66383055587156e-14
  -1.88423199404997e-14
   2.34940813402595e-14
   4.63348683065058e-14
   6.33068964777883e-14
   8.24518139390062e-14
   1.12458328917127e-13
   1.25350275002268e-13
   1.06444661344827e-13
   5.94574314183207e-14
  -1.13926043600623e-14
  -6.03025871313529e-14
  -8.83153749535410e-14
  -1.13053148755110e-13
  -8.86314019547018e-14
  -4.03355592442933e-14
  -2.45285029314318e-14
  -3.25492391849192e-14
  -6.10312422887614e-14
  -7.43144098127376e-14
  -4.64302390118248e-14
  -1.10686026737764e-14
   3.83186605461262e-14
   1.07436952958552e-13
   1.59442584920823e-13
   1.70454612660637e-13
   1.40021362752924e-13
   1.04208208215330e-13
   8.33738658427763e-14
   4.79025130282556e-14
   1.03957012479468e-14
   1.17840752751171e-15
