              n      Armadillo     Analytical         JacobiJacobi-Iterations
            100   0.0069060000   -0.031099862     0.16701200          18568
            200    0.011721000   -0.015629178      2.4133040          74949
            300    0.037364000   -0.010436995      12.526132         170577
            400    0.086061000  -0.0078343155      38.251114         303084
            500     0.16760600  -0.0062706029
            600     0.28274400  -0.0052272518
            700     0.45531800  -0.0044815722
            800     0.67271000  -0.0039220782
            900     0.97782700  -0.0034867772
