ARMA_MAT_TXT_FN008
2000 1
  -7.79999014025983e+01
  -7.19996056106363e+01
  -6.19991126248430e+01
  -4.79984224464337e+01
  -2.99975350771096e+01
  -7.99645051905802e+00
   1.80048312250477e+01
   4.80063101520482e+01
   8.20079862582979e+01
   1.20009859539665e+02
   1.62011929991533e+02
   2.08014197608798e+02
   2.58016662385869e+02
   3.12019324316673e+02
   3.70022183394646e+02
   4.32025239612742e+02
   4.98028492963428e+02
   5.68031943438684e+02
   6.42035591030004e+02
   7.20039435728399e+02
   8.02043477524390e+02
   8.88047716408015e+02
   9.78052152368826e+02
   1.07205678539589e+03
   1.17006161547778e+03
   1.27206664260260e+03
   1.37807186675795e+03
   1.48807728793096e+03
   1.60208290610826e+03
   1.72008872127601e+03
   1.84209473341987e+03
   1.96810094252502e+03
   2.09810734857615e+03
   2.23211395155749e+03
   2.37012075145274e+03
   2.51212774824515e+03
   2.65813494191748e+03
   2.80814233245198e+03
   2.96214991983045e+03
   3.12015770403418e+03
   3.28216568504398e+03
   3.44817386284018e+03
   3.61818223740263e+03
   3.79219080871067e+03
   3.97019957674319e+03
   4.15220854147856e+03
   4.33821770289470e+03
   4.52822706096902e+03
   4.72223661567845e+03
   4.92024636699945e+03
   5.12225631490796e+03
   5.32826645937949e+03
   5.53827680038900e+03
   5.75228733791103e+03
   5.97029807191959e+03
   6.19230900238823e+03
   6.41832012929000e+03
   6.64833145259748e+03
   6.88234297228275e+03
   7.12035468831742e+03
   7.36236660067260e+03
   7.60837870931895e+03
   7.85839101422660e+03
   8.11240351536524e+03
   8.37041621270403e+03
   8.63242910621170e+03
   8.89844219585645e+03
   9.16845548160601e+03
   9.44246896342765e+03
   9.72048264128813e+03
   1.00024965151537e+04
   1.02885105849903e+04
   1.05785248507630e+04
   1.08725393124369e+04
   1.11705539699762e+04
   1.14725688233448e+04
   1.17785838725060e+04
   1.20885991174229e+04
   1.24026145580578e+04
   1.27206301943726e+04
   1.30426460263289e+04
   1.33686620538876e+04
   1.36986782770091e+04
   1.40326946956535e+04
   1.43707113097804e+04
   1.47127281193487e+04
   1.50587451243171e+04
   1.54087623246436e+04
   1.57627797202858e+04
   1.61207973112008e+04
   1.64828150973454e+04
   1.68488330786756e+04
   1.72188512551470e+04
   1.75928696267151e+04
   1.79708881933343e+04
   1.83529069549590e+04
   1.87389259115429e+04
   1.91289450630393e+04
   1.95229644094010e+04
   1.99209839505803e+04
   2.03230036865290e+04
   2.07290236171986e+04
   2.11390437425397e+04
   2.15530640625029e+04
   2.19710845770381e+04
   2.23931052860946e+04
   2.28191261896215e+04
   2.32491472875673e+04
   2.36831685798798e+04
   2.41211900665066e+04
   2.45632117473949e+04
   2.50092336224910e+04
   2.54592556917412e+04
   2.59132779550910e+04
   2.63713004124854e+04
   2.68333230638693e+04
   2.72993459091867e+04
   2.77693689483813e+04
   2.82433921813964e+04
   2.87214156081746e+04
   2.92034392286582e+04
   2.96894630427891e+04
   3.01794870505084e+04
   3.06735112517571e+04
   3.11715356464754e+04
   3.16735602346033e+04
   3.21795850160801e+04
   3.26896099908447e+04
   3.32036351588356e+04
   3.37216605199908e+04
   3.42436860742476e+04
   3.47697118215433e+04
   3.52997377618142e+04
   3.58337638949964e+04
   3.63717902210255e+04
   3.69138167398367e+04
   3.74598434513645e+04
   3.80098703555432e+04
   3.85638974523063e+04
   3.91219247415872e+04
   3.96839522233185e+04
   4.02499798974325e+04
   4.08200077638609e+04
   4.13940358225352e+04
   4.19720640733861e+04
   4.25540925163440e+04
   4.31401211513388e+04
   4.37301499782999e+04
   4.43241789971562e+04
   4.49222082078363e+04
   4.55242376102681e+04
   4.61302672043791e+04
   4.67402969900964e+04
   4.73543269673465e+04
   4.79723571360557e+04
   4.85943874961495e+04
   4.92204180475530e+04
   4.98504487901910e+04
   5.04844797239878e+04
   5.11225108488669e+04
   5.17645421647518e+04
   5.24105736715652e+04
   5.30606053692295e+04
   5.37146372576665e+04
   5.43726693367977e+04
   5.50347016065439e+04
   5.57007340668256e+04
   5.63707667175629e+04
   5.70447995586752e+04
   5.77228325900815e+04
   5.84048658117005e+04
   5.90908992234503e+04
   5.97809328252484e+04
   6.04749666170122e+04
   6.11730005986582e+04
   6.18750347701028e+04
   6.25810691312616e+04
   6.32911036820500e+04
   6.40051384223829e+04
   6.47231733521746e+04
   6.54452084713389e+04
   6.61712437797894e+04
   6.69012792774390e+04
   6.76353149642002e+04
   6.83733508399850e+04
   6.91153869047050e+04
   6.98614231582714e+04
   7.06114596005946e+04
   7.13654962315850e+04
   7.21235330511522e+04
   7.28855700592054e+04
   7.36516072556535e+04
   7.44216446404048e+04
   7.51956822133670e+04
   7.59737199744477e+04
   7.67557579235536e+04
   7.75417960605913e+04
   7.83318343854668e+04
   7.91258728980856e+04
   7.99239115983527e+04
   8.07259504861728e+04
   8.15319895614500e+04
   8.23420288240880e+04
   8.31560682739900e+04
   8.39741079110588e+04
   8.47961477351966e+04
   8.56221877463054e+04
   8.64522279442864e+04
   8.72862683290406e+04
   8.81243089004685e+04
   8.89663496584701e+04
   8.98123906029448e+04
   9.06624317337917e+04
   9.15164730509095e+04
   9.23745145541964e+04
   9.32365562435500e+04
   9.41025981188675e+04
   9.49726401800458e+04
   9.58466824269811e+04
   9.67247248595693e+04
   9.76067674777059e+04
   9.84928102812858e+04
   9.93828532702034e+04
   1.00276896444353e+05
   1.01174939803628e+05
   1.02076983347921e+05
   1.02983027077126e+05
   1.03893070991133e+05
   1.04807115089836e+05
   1.05725159373126e+05
   1.06647203840893e+05
   1.07573248493027e+05
   1.08503293329419e+05
   1.09437338349958e+05
   1.10375383554534e+05
   1.11317428943034e+05
   1.12263474515346e+05
   1.13213520271360e+05
   1.14167566210960e+05
   1.15125612334036e+05
   1.16087658640472e+05
   1.17053705130155e+05
   1.18023751802970e+05
   1.18997798658801e+05
   1.19975845697535e+05
   1.20957892919053e+05
   1.21943940323241e+05
   1.22933987909982e+05
   1.23928035679157e+05
   1.24926083630649e+05
   1.25928131764341e+05
   1.26934180080113e+05
   1.27944228577846e+05
   1.28958277257421e+05
   1.29976326118718e+05
   1.30998375161616e+05
   1.32024424385994e+05
   1.33054473791732e+05
   1.34088523378707e+05
   1.35126573146797e+05
   1.36168623095880e+05
   1.37214673225831e+05
   1.38264723536529e+05
   1.39318774027848e+05
   1.40376824699665e+05
   1.41438875551854e+05
   1.42504926584289e+05
   1.43574977796847e+05
   1.44649029189399e+05
   1.45727080761819e+05
   1.46809132513981e+05
   1.47895184445756e+05
   1.48985236557017e+05
   1.50079288847635e+05
   1.51177341317481e+05
   1.52279393966426e+05
   1.53385446794341e+05
   1.54495499801094e+05
   1.55609552986556e+05
   1.56727606350594e+05
   1.57849659893079e+05
   1.58975713613877e+05
   1.60105767512856e+05
   1.61239821589884e+05
   1.62377875844827e+05
   1.63519930277551e+05
   1.64665984887922e+05
   1.65816039675806e+05
   1.66970094641067e+05
   1.68128149783571e+05
   1.69290205103180e+05
   1.70456260599760e+05
   1.71626316273172e+05
   1.72800372123280e+05
   1.73978428149946e+05
   1.75160484353032e+05
   1.76346540732400e+05
   1.77536597287910e+05
   1.78730654019423e+05
   1.79928710926799e+05
   1.81130768009898e+05
   1.82336825268579e+05
   1.83546882702702e+05
   1.84760940312124e+05
   1.85978998096703e+05
   1.87201056056298e+05
   1.88427114190765e+05
   1.89657172499960e+05
   1.90891230983741e+05
   1.92129289641963e+05
   1.93371348474481e+05
   1.94617407481151e+05
   1.95867466661827e+05
   1.97121526016363e+05
   1.98379585544612e+05
   1.99641645246429e+05
   2.00907705121666e+05
   2.02177765170175e+05
   2.03451825391808e+05
   2.04729885786417e+05
   2.06011946353853e+05
   2.07298007093967e+05
   2.08588068006608e+05
   2.09882129091628e+05
   2.11180190348874e+05
   2.12482251778197e+05
   2.13788313379445e+05
   2.15098375152466e+05
   2.16412437097108e+05
   2.17730499213217e+05
   2.19052561500642e+05
   2.20378623959228e+05
   2.21708686588821e+05
   2.23042749389267e+05
   2.24380812360412e+05
   2.25722875502100e+05
   2.27068938814175e+05
   2.28419002296481e+05
   2.29773065948863e+05
   2.31131129771162e+05
   2.32493193763222e+05
   2.33859257924884e+05
   2.35229322255992e+05
   2.36603386756386e+05
   2.37981451425907e+05
   2.39363516264395e+05
   2.40749581271692e+05
   2.42139646447636e+05
   2.43533711792068e+05
   2.44931777304825e+05
   2.46333842985747e+05
   2.47739908834672e+05
   2.49149974851436e+05
   2.50564041035879e+05
   2.51982107387836e+05
   2.53404173907144e+05
   2.54830240593638e+05
   2.56260307447155e+05
   2.57694374467530e+05
   2.59132441654598e+05
   2.60574509008192e+05
   2.62020576528147e+05
   2.63470644214297e+05
   2.64924712066475e+05
   2.66382780084512e+05
   2.67844848268243e+05
   2.69310916617498e+05
   2.70780985132110e+05
   2.72255053811908e+05
   2.73733122656725e+05
   2.75215191666390e+05
   2.76701260840733e+05
   2.78191330179584e+05
   2.79685399682772e+05
   2.81183469350125e+05
   2.82685539181472e+05
   2.84191609176640e+05
   2.85701679335458e+05
   2.87215749657751e+05
   2.88733820143348e+05
   2.90255890792073e+05
   2.91781961603754e+05
   2.93312032578214e+05
   2.94846103715280e+05
   2.96384175014777e+05
   2.97926246476527e+05
   2.99472318100356e+05
   3.01022389886086e+05
   3.02576461833541e+05
   3.04134533942543e+05
   3.05696606212915e+05
   3.07262678644479e+05
   3.08832751237055e+05
   3.10406823990465e+05
   3.11984896904530e+05
   3.13566969979069e+05
   3.15153043213904e+05
   3.16743116608853e+05
   3.18337190163735e+05
   3.19935263878369e+05
   3.21537337752573e+05
   3.23143411786166e+05
   3.24753485978965e+05
   3.26367560330786e+05
   3.27985634841447e+05
   3.29607709510764e+05
   3.31233784338552e+05
   3.32863859324628e+05
   3.34497934468807e+05
   3.36136009770903e+05
   3.37778085230731e+05
   3.39424160848105e+05
   3.41074236622838e+05
   3.42728312554744e+05
   3.44386388643635e+05
   3.46048464889323e+05
   3.47714541291622e+05
   3.49384617850343e+05
   3.51058694565296e+05
   3.52736771436293e+05
   3.54418848463144e+05
   3.56104925645660e+05
   3.57795002983650e+05
   3.59489080476924e+05
   3.61187158125290e+05
   3.62889235928557e+05
   3.64595313886533e+05
   3.66305391999027e+05
   3.68019470265846e+05
   3.69737548686796e+05
   3.71459627261684e+05
   3.73185705990318e+05
   3.74915784872502e+05
   3.76649863908042e+05
   3.78387943096744e+05
   3.80130022438412e+05
   3.81876101932850e+05
   3.83626181579863e+05
   3.85380261379255e+05
   3.87138341330829e+05
   3.88900421434387e+05
   3.90666501689732e+05
   3.92436582096666e+05
   3.94210662654992e+05
   3.95988743364510e+05
   3.97770824225022e+05
   3.99556905236328e+05
   4.01346986398229e+05
   4.03141067710524e+05
   4.04939149173014e+05
   4.06741230785497e+05
   4.08547312547772e+05
   4.10357394459637e+05
   4.12171476520892e+05
   4.13989558731332e+05
   4.15811641090757e+05
   4.17637723598962e+05
   4.19467806255745e+05
   4.21301889060901e+05
   4.23139972014227e+05
   4.24982055115519e+05
   4.26828138364570e+05
   4.28678221761176e+05
   4.30532305305132e+05
   4.32390388996232e+05
   4.34252472834268e+05
   4.36118556819035e+05
   4.37988640950326e+05
   4.39862725227933e+05
   4.41740809651649e+05
   4.43622894221265e+05
   4.45508978936573e+05
   4.47399063797363e+05
   4.49293148803428e+05
   4.51191233954557e+05
   4.53093319250541e+05
   4.54999404691169e+05
   4.56909490276230e+05
   4.58823576005514e+05
   4.60741661878810e+05
   4.62663747895905e+05
   4.64589834056588e+05
   4.66519920360646e+05
   4.68454006807867e+05
   4.70392093398037e+05
   4.72334180130943e+05
   4.74280267006371e+05
   4.76230354024108e+05
   4.78184441183938e+05
   4.80142528485647e+05
   4.82104615929019e+05
   4.84070703513839e+05
   4.86040791239892e+05
   4.88014879106960e+05
   4.89992967114827e+05
   4.91975055263277e+05
   4.93961143552092e+05
   4.95951231981055e+05
   4.97945320549947e+05
   4.99943409258550e+05
   5.01945498106646e+05
   5.03951587094015e+05
   5.05961676220438e+05
   5.07975765485696e+05
   5.09993854889568e+05
   5.12015944431834e+05
   5.14042034112274e+05
   5.16072123930665e+05
   5.18106213886788e+05
   5.20144303980420e+05
   5.22186394211339e+05
   5.24232484579323e+05
   5.26282575084148e+05
   5.28336665725592e+05
   5.30394756503432e+05
   5.32456847417443e+05
   5.34522938467402e+05
   5.36593029653084e+05
   5.38667120974264e+05
   5.40745212430718e+05
   5.42827304022219e+05
   5.44913395748543e+05
   5.47003487609462e+05
   5.49097579604751e+05
   5.51195671734182e+05
   5.53297763997529e+05
   5.55403856394565e+05
   5.57513948925060e+05
   5.59628041588789e+05
   5.61746134385521e+05
   5.63868227315028e+05
   5.65994320377082e+05
   5.68124413571452e+05
   5.70258506897910e+05
   5.72396600356225e+05
   5.74538693946166e+05
   5.76684787667503e+05
   5.78834881520005e+05
   5.80988975503441e+05
   5.83147069617578e+05
   5.85309163862186e+05
   5.87475258237031e+05
   5.89645352741881e+05
   5.91819447376503e+05
   5.93997542140665e+05
   5.96179637034131e+05
   5.98365732056669e+05
   6.00555827208043e+05
   6.02749922488021e+05
   6.04948017896365e+05
   6.07150113432843e+05
   6.09356209097217e+05
   6.11566304889253e+05
   6.13780400808714e+05
   6.15998496855363e+05
   6.18220593028965e+05
   6.20446689329281e+05
   6.22676785756074e+05
   6.24910882309108e+05
   6.27148978988143e+05
   6.29391075792942e+05
   6.31637172723265e+05
   6.33887269778875e+05
   6.36141366959531e+05
   6.38399464264994e+05
   6.40661561695025e+05
   6.42927659249383e+05
   6.45197756927827e+05
   6.47471854730118e+05
   6.49749952656013e+05
   6.52032050705272e+05
   6.54318148877652e+05
   6.56608247172912e+05
   6.58902345590810e+05
   6.61200444131103e+05
   6.63502542793547e+05
   6.65808641577901e+05
   6.68118740483920e+05
   6.70432839511360e+05
   6.72750938659977e+05
   6.75073037929528e+05
   6.77399137319767e+05
   6.79729236830449e+05
   6.82063336461330e+05
   6.84401436212162e+05
   6.86743536082702e+05
   6.89089636072702e+05
   6.91439736181915e+05
   6.93793836410096e+05
   6.96151936756997e+05
   6.98514037222371e+05
   7.00880137805970e+05
   7.03250238507546e+05
   7.05624339326851e+05
   7.08002440263637e+05
   7.10384541317654e+05
   7.12770642488654e+05
   7.15160743776387e+05
   7.17554845180603e+05
   7.19952946701053e+05
   7.22355048337487e+05
   7.24761150089653e+05
   7.27171251957301e+05
   7.29585353940180e+05
   7.32003456038039e+05
   7.34425558250625e+05
   7.36851660577688e+05
   7.39281763018974e+05
   7.41715865574231e+05
   7.44153968243206e+05
   7.46596071025647e+05
   7.49042173921300e+05
   7.51492276929911e+05
   7.53946380051226e+05
   7.56404483284992e+05
   7.58866586630953e+05
   7.61332690088856e+05
   7.63802793658444e+05
   7.66276897339463e+05
   7.68755001131658e+05
   7.71237105034771e+05
   7.73723209048548e+05
   7.76213313172731e+05
   7.78707417407065e+05
   7.81205521751291e+05
   7.83707626205154e+05
   7.86213730768396e+05
   7.88723835440758e+05
   7.91237940221983e+05
   7.93756045111812e+05
   7.96278150109987e+05
   7.98804255216250e+05
   8.01334360430340e+05
   8.03868465751999e+05
   8.06406571180967e+05
   8.08948676716985e+05
   8.11494782359792e+05
   8.14044888109127e+05
   8.16598993964730e+05
   8.19157099926340e+05
   8.21719205993697e+05
   8.24285312166537e+05
   8.26855418444601e+05
   8.29429524827625e+05
   8.32007631315348e+05
   8.34589737907506e+05
   8.37175844603838e+05
   8.39765951404081e+05
   8.42360058307970e+05
   8.44958165315243e+05
   8.47560272425636e+05
   8.50166379638885e+05
   8.52776486954725e+05
   8.55390594372892e+05
   8.58008701893121e+05
   8.60630809515147e+05
   8.63256917238705e+05
   8.65887025063530e+05
   8.68521132989355e+05
   8.71159241015914e+05
   8.73801349142942e+05
   8.76447457370172e+05
   8.79097565697336e+05
   8.81751674124169e+05
   8.84409782650402e+05
   8.87071891275768e+05
   8.89738000000000e+05
   8.92408108822829e+05
   8.95082217743987e+05
   8.97760326763206e+05
   9.00442435880217e+05
   9.03128545094751e+05
   9.05818654406539e+05
   9.08512763815311e+05
   9.11210873320797e+05
   9.13912982922729e+05
   9.16619092620834e+05
   9.19329202414844e+05
   9.22043312304488e+05
   9.24761422289494e+05
   9.27483532369592e+05
   9.30209642544510e+05
   9.32939752813977e+05
   9.35673863177720e+05
   9.38411973635468e+05
   9.41154084186949e+05
   9.43900194831890e+05
   9.46650305570018e+05
   9.49404416401061e+05
   9.52162527324744e+05
   9.54924638340795e+05
   9.57690749448941e+05
   9.60460860648906e+05
   9.63234971940418e+05
   9.66013083323201e+05
   9.68795194796982e+05
   9.71581306361484e+05
   9.74371418016435e+05
   9.77165529761558e+05
   9.79963641596577e+05
   9.82765753521217e+05
   9.85571865535203e+05
   9.88381977638258e+05
   9.91196089830106e+05
   9.94014202110469e+05
   9.96836314479073e+05
   9.99662426935639e+05
   1.00249253947989e+06
   1.00532665211155e+06
   1.00816476483034e+06
   1.01100687763598e+06
   1.01385299052820e+06
   1.01670310350671e+06
   1.01955721657124e+06
   1.02241532972151e+06
   1.02527744295723e+06
   1.02814355627814e+06
   1.03101366968395e+06
   1.03388778317439e+06
   1.03676589674916e+06
   1.03964801040800e+06
   1.04253412415062e+06
   1.04542423797674e+06
   1.04831835188608e+06
   1.05121646587837e+06
   1.05411857995331e+06
   1.05702469411063e+06
   1.05993480835005e+06
   1.06284892267128e+06
   1.06576703707405e+06
   1.06868915155806e+06
   1.07161526612305e+06
   1.07454538076872e+06
   1.07747949549480e+06
   1.08041761030100e+06
   1.08335972518704e+06
   1.08630584015263e+06
   1.08925595519750e+06
   1.09221007032135e+06
   1.09516818552391e+06
   1.09813030080489e+06
   1.10109641616401e+06
   1.10406653160097e+06
   1.10704064711551e+06
   1.11001876270733e+06
   1.11300087837614e+06
   1.11598699412167e+06
   1.11897710994363e+06
   1.12197122584173e+06
   1.12496934181568e+06
   1.12797145786520e+06
   1.13097757399001e+06
   1.13398769018982e+06
   1.13700180646434e+06
   1.14001992281328e+06
   1.14304203923637e+06
   1.14606815573330e+06
   1.14909827230380e+06
   1.15213238894757e+06
   1.15517050566434e+06
   1.15821262245380e+06
   1.16125873931568e+06
   1.16430885624969e+06
   1.16736297325553e+06
   1.17042109033292e+06
   1.17348320748157e+06
   1.17654932470120e+06
   1.17961944199150e+06
   1.18269355935220e+06
   1.18577167678301e+06
   1.18885379428363e+06
   1.19193991185377e+06
   1.19503002949315e+06
   1.19812414720148e+06
   1.20122226497846e+06
   1.20432438282381e+06
   1.20743050073723e+06
   1.21054061871843e+06
   1.21365473676713e+06
   1.21677285488303e+06
   1.21989497306584e+06
   1.22302109131527e+06
   1.22615120963103e+06
   1.22928532801282e+06
   1.23242344646036e+06
   1.23556556497335e+06
   1.23871168355151e+06
   1.24186180219453e+06
   1.24501592090212e+06
   1.24817403967401e+06
   1.25133615850988e+06
   1.25450227740944e+06
   1.25767239637242e+06
   1.26084651539850e+06
   1.26402463448740e+06
   1.26720675363883e+06
   1.27039287285249e+06
   1.27358299212808e+06
   1.27677711146532e+06
   1.27997523086390e+06
   1.28317735032354e+06
   1.28638346984394e+06
   1.28959358942481e+06
   1.29280770906584e+06
   1.29602582876675e+06
   1.29924794852725e+06
   1.30247406834702e+06
   1.30570418822579e+06
   1.30893830816325e+06
   1.31217642815911e+06
   1.31541854821307e+06
   1.31866466832484e+06
   1.32191478849412e+06
   1.32516890872062e+06
   1.32842702900404e+06
   1.33168914934407e+06
   1.33495526974043e+06
   1.33822539019282e+06
   1.34149951070095e+06
   1.34477763126450e+06
   1.34805975188320e+06
   1.35134587255673e+06
   1.35463599328481e+06
   1.35793011406713e+06
   1.36122823490340e+06
   1.36453035579332e+06
   1.36783647673659e+06
   1.37114659773292e+06
   1.37446071878200e+06
   1.37777883988353e+06
   1.38110096103723e+06
   1.38442708224278e+06
   1.38775720349990e+06
   1.39109132480828e+06
   1.39442944616762e+06
   1.39777156757762e+06
   1.40111768903799e+06
   1.40446781054842e+06
   1.40782193210862e+06
   1.41118005371829e+06
   1.41454217537712e+06
   1.41790829708482e+06
   1.42127841884108e+06
   1.42465254064561e+06
   1.42803066249811e+06
   1.43141278439828e+06
   1.43479890634580e+06
   1.43818902834040e+06
   1.44158315038175e+06
   1.44498127246957e+06
   1.44838339460355e+06
   1.45178951678340e+06
   1.45519963900880e+06
   1.45861376127946e+06
   1.46203188359508e+06
   1.46545400595535e+06
   1.46888012835998e+06
   1.47231025080866e+06
   1.47574437330110e+06
   1.47918249583698e+06
   1.48262461841600e+06
   1.48607074103788e+06
   1.48952086370229e+06
   1.49297498640894e+06
   1.49643310915753e+06
   1.49989523194776e+06
   1.50336135477932e+06
   1.50683147765190e+06
   1.51030560056522e+06
   1.51378372351896e+06
   1.51726584651281e+06
   1.52075196954649e+06
   1.52424209261968e+06
   1.52773621573208e+06
   1.53123433888338e+06
   1.53473646207330e+06
   1.53824258530151e+06
   1.54175270856771e+06
   1.54526683187161e+06
   1.54878495521290e+06
   1.55230707859127e+06
   1.55583320200642e+06
   1.55936332545805e+06
   1.56289744894585e+06
   1.56643557246952e+06
   1.56997769602875e+06
   1.57352381962324e+06
   1.57707394325268e+06
   1.58062806691678e+06
   1.58418619061521e+06
   1.58774831434769e+06
   1.59131443811390e+06
   1.59488456191353e+06
   1.59845868574630e+06
   1.60203680961188e+06
   1.60561893350997e+06
   1.60920505744028e+06
   1.61279518140248e+06
   1.61638930539628e+06
   1.61998742942138e+06
   1.62358955347746e+06
   1.62719567756422e+06
   1.63080580168135e+06
   1.63441992582855e+06
   1.63803805000551e+06
   1.64166017421193e+06
   1.64528629844750e+06
   1.64891642271192e+06
   1.65255054700487e+06
   1.65618867132605e+06
   1.65983079567515e+06
   1.66347692005187e+06
   1.66712704445591e+06
   1.67078116888695e+06
   1.67443929334469e+06
   1.67810141782881e+06
   1.68176754233903e+06
   1.68543766687502e+06
   1.68911179143648e+06
   1.69278991602310e+06
   1.69647204063458e+06
   1.70015816527061e+06
   1.70384828993088e+06
   1.70754241461509e+06
   1.71124053932292e+06
   1.71494266405408e+06
   1.71864878880824e+06
   1.72235891358512e+06
   1.72607303838438e+06
   1.72979116320574e+06
   1.73351328804888e+06
   1.73723941291350e+06
   1.74096953779928e+06
   1.74470366270592e+06
   1.74844178763311e+06
   1.75218391258055e+06
   1.75593003754792e+06
   1.75968016253491e+06
   1.76343428754123e+06
   1.76719241256655e+06
   1.77095453761058e+06
   1.77472066267300e+06
   1.77849078775351e+06
   1.78226491285180e+06
   1.78604303796755e+06
   1.78982516310047e+06
   1.79361128825024e+06
   1.79740141341655e+06
   1.80119553859910e+06
   1.80499366379758e+06
   1.80879578901167e+06
   1.81260191424107e+06
   1.81641203948548e+06
   1.82022616474457e+06
   1.82404429001805e+06
   1.82786641530561e+06
   1.83169254060693e+06
   1.83552266592171e+06
   1.83935679124964e+06
   1.84319491659040e+06
   1.84703704194370e+06
   1.85088316730921e+06
   1.85473329268664e+06
   1.85858741807567e+06
   1.86244554347600e+06
   1.86630766888731e+06
   1.87017379430930e+06
   1.87404391974166e+06
   1.87791804518407e+06
   1.88179617063623e+06
   1.88567829609783e+06
   1.88956442156856e+06
   1.89345454704811e+06
   1.89734867253617e+06
   1.90124679803243e+06
   1.90514892353659e+06
   1.90905504904833e+06
   1.91296517456734e+06
   1.91687930009332e+06
   1.92079742562595e+06
   1.92471955116493e+06
   1.92864567670994e+06
   1.93257580226068e+06
   1.93650992781684e+06
   1.94044805337811e+06
   1.94439017894417e+06
   1.94833630451472e+06
   1.95228643008946e+06
   1.95624055566806e+06
   1.96019868125022e+06
   1.96416080683564e+06
   1.96812693242399e+06
   1.97209705801498e+06
   1.97607118360828e+06
   1.98004930920360e+06
   1.98403143480063e+06
   1.98801756039904e+06
   1.99200768599854e+06
   1.99600181159882e+06
   1.99999993719955e+06
   2.00400206280045e+06
   2.00800818840118e+06
   2.01201831400146e+06
   2.01603243960096e+06
   2.02005056519937e+06
   2.02407269079640e+06
   2.02809881639172e+06
   2.03212894198502e+06
   2.03616306757601e+06
   2.04020119316436e+06
   2.04424331874978e+06
   2.04828944433194e+06
   2.05233956991054e+06
   2.05639369548528e+06
   2.06045182105583e+06
   2.06451394662189e+06
   2.06858007218316e+06
   2.07265019773932e+06
   2.07672432329006e+06
   2.08080244883507e+06
   2.08488457437405e+06
   2.08897069990668e+06
   2.09306082543266e+06
   2.09715495095167e+06
   2.10125307646341e+06
   2.10535520196757e+06
   2.10946132746383e+06
   2.11357145295189e+06
   2.11768557843144e+06
   2.12180370390217e+06
   2.12592582936377e+06
   2.13005195481593e+06
   2.13418208025834e+06
   2.13831620569070e+06
   2.14245433111269e+06
   2.14659645652400e+06
   2.15074258192433e+06
   2.15489270731336e+06
   2.15904683269079e+06
   2.16320495805630e+06
   2.16736708340960e+06
   2.17153320875036e+06
   2.17570333407829e+06
   2.17987745939307e+06
   2.18405558469439e+06
   2.18823770998195e+06
   2.19242383525543e+06
   2.19661396051452e+06
   2.20080808575893e+06
   2.20500621098833e+06
   2.20920833620242e+06
   2.21341446140090e+06
   2.21762458658345e+06
   2.22183871174976e+06
   2.22605683689953e+06
   2.23027896203245e+06
   2.23450508714820e+06
   2.23873521224649e+06
   2.24296933732700e+06
   2.24720746238942e+06
   2.25144958743345e+06
   2.25569571245877e+06
   2.25994583746509e+06
   2.26419996245208e+06
   2.26845808741945e+06
   2.27272021236689e+06
   2.27698633729408e+06
   2.28125646220072e+06
   2.28553058708650e+06
   2.28980871195112e+06
   2.29409083679426e+06
   2.29837696161562e+06
   2.30266708641488e+06
   2.30696121119176e+06
   2.31125933594592e+06
   2.31556146067708e+06
   2.31986758538491e+06
   2.32417771006912e+06
   2.32849183472939e+06
   2.33280995936542e+06
   2.33713208397690e+06
   2.34145820856352e+06
   2.34578833312498e+06
   2.35012245766097e+06
   2.35446058217119e+06
   2.35880270665531e+06
   2.36314883111305e+06
   2.36749895554409e+06
   2.37185307994813e+06
   2.37621120432485e+06
   2.38057332867395e+06
   2.38493945299513e+06
   2.38930957728809e+06
   2.39368370155250e+06
   2.39806182578807e+06
   2.40244394999449e+06
   2.40683007417145e+06
   2.41122019831865e+06
   2.41561432243578e+06
   2.42001244652254e+06
   2.42441457057862e+06
   2.42882069460372e+06
   2.43323081859752e+06
   2.43764494255972e+06
   2.44206306649003e+06
   2.44648519038812e+06
   2.45091131425370e+06
   2.45534143808647e+06
   2.45977556188610e+06
   2.46421368565231e+06
   2.46865580938479e+06
   2.47310193308322e+06
   2.47755205674732e+06
   2.48200618037676e+06
   2.48646430397125e+06
   2.49092642753048e+06
   2.49539255105415e+06
   2.49986267454195e+06
   2.50433679799358e+06
   2.50881492140873e+06
   2.51329704478710e+06
   2.51778316812839e+06
   2.52227329143229e+06
   2.52676741469849e+06
   2.53126553792670e+06
   2.53576766111661e+06
   2.54027378426792e+06
   2.54478390738032e+06
   2.54929803045351e+06
   2.55381615348719e+06
   2.55833827648104e+06
   2.56286439943478e+06
   2.56739452234810e+06
   2.57192864522068e+06
   2.57646676805224e+06
   2.58100889084247e+06
   2.58555501359106e+06
   2.59010513629771e+06
   2.59465925896213e+06
   2.59921738158400e+06
   2.60377950416302e+06
   2.60834562669890e+06
   2.61291574919134e+06
   2.61748987164002e+06
   2.62206799404465e+06
   2.62665011640492e+06
   2.63123623872054e+06
   2.63582636099120e+06
   2.64042048321660e+06
   2.64501860539645e+06
   2.64962072753043e+06
   2.65422684961825e+06
   2.65883697165960e+06
   2.66345109365420e+06
   2.66806921560173e+06
   2.67269133750189e+06
   2.67731745935438e+06
   2.68194758115892e+06
   2.68658170291518e+06
   2.69121982462288e+06
   2.69586194628171e+06
   2.70050806789138e+06
   2.70515818945158e+06
   2.70981231096201e+06
   2.71447043242238e+06
   2.71913255383238e+06
   2.72379867519172e+06
   2.72846879650010e+06
   2.73314291775722e+06
   2.73782103896277e+06
   2.74250316011647e+06
   2.74718928121800e+06
   2.75187940226708e+06
   2.75657352326341e+06
   2.76127164420668e+06
   2.76597376509660e+06
   2.77067988593287e+06
   2.77539000671519e+06
   2.78010412744327e+06
   2.78482224811680e+06
   2.78954436873550e+06
   2.79427048929905e+06
   2.79900060980718e+06
   2.80373473025957e+06
   2.80847285065593e+06
   2.81321497099596e+06
   2.81796109127938e+06
   2.82271121150587e+06
   2.82746533167516e+06
   2.83222345178693e+06
   2.83698557184089e+06
   2.84175169183675e+06
   2.84652181177421e+06
   2.85129593165298e+06
   2.85607405147275e+06
   2.86085617123325e+06
   2.86564229093416e+06
   2.87043241057519e+06
   2.87522653015606e+06
   2.88002464967646e+06
   2.88482676913610e+06
   2.88963288853468e+06
   2.89444300787192e+06
   2.89925712714751e+06
   2.90407524636117e+06
   2.90889736551260e+06
   2.91372348460150e+06
   2.91855360362758e+06
   2.92338772259056e+06
   2.92822584149012e+06
   2.93306796032599e+06
   2.93791407909788e+06
   2.94276419780547e+06
   2.94761831644849e+06
   2.95247643502665e+06
   2.95733855353964e+06
   2.96220467198718e+06
   2.96707479036897e+06
   2.97194890868473e+06
   2.97682702693416e+06
   2.98170914511697e+06
   2.98659526323287e+06
   2.99148538128157e+06
   2.99637949926277e+06
   3.00127761717619e+06
   3.00617973502154e+06
   3.01108585279852e+06
   3.01599597050685e+06
   3.02091008814623e+06
   3.02582820571637e+06
   3.03075032321699e+06
   3.03567644064780e+06
   3.04060655800850e+06
   3.04554067529880e+06
   3.05047879251843e+06
   3.05542090966708e+06
   3.06036702674447e+06
   3.06531714375031e+06
   3.07027126068432e+06
   3.07522937754620e+06
   3.08019149433566e+06
   3.08515761105243e+06
   3.09012772769620e+06
   3.09510184426670e+06
   3.10007996076363e+06
   3.10506207718672e+06
   3.11004819353566e+06
   3.11503830981018e+06
   3.12003242600999e+06
   3.12503054213480e+06
   3.13003265818432e+06
   3.13503877415827e+06
   3.14004889005637e+06
   3.14506300587833e+06
   3.15008112162386e+06
   3.15510323729267e+06
   3.16012935288449e+06
   3.16515946839903e+06
   3.17019358383599e+06
   3.17523169919511e+06
   3.18027381447609e+06
   3.18531992967865e+06
   3.19037004480250e+06
   3.19542415984737e+06
   3.20048227481296e+06
   3.20554438969900e+06
   3.21061050450520e+06
   3.21568061923128e+06
   3.22075473387695e+06
   3.22583284844194e+06
   3.23091496292595e+06
   3.23600107732872e+06
   3.24109119164995e+06
   3.24618530588937e+06
   3.25128342004669e+06
   3.25638553412163e+06
   3.26149164811392e+06
   3.26660176202326e+06
   3.27171587584938e+06
   3.27683398959200e+06
   3.28195610325084e+06
   3.28708221682561e+06
   3.29221233031605e+06
   3.29734644372186e+06
   3.30248455704277e+06
   3.30762667027849e+06
   3.31277278342876e+06
   3.31792289649329e+06
   3.32307700947180e+06
   3.32823512236402e+06
   3.33339723516966e+06
   3.33856334788845e+06
   3.34373346052011e+06
   3.34890757306436e+06
   3.35408568552093e+06
   3.35926779788953e+06
   3.36445391016989e+06
   3.36964402236174e+06
   3.37483813446480e+06
   3.38003624647878e+06
   3.38523835840342e+06
   3.39044447023844e+06
   3.39565458198356e+06
   3.40086869363852e+06
   3.40608680520302e+06
   3.41130891667680e+06
   3.41653502805958e+06
   3.42176513935109e+06
   3.42699925055106e+06
   3.43223736165920e+06
   3.43747947267526e+06
   3.44272558359894e+06
   3.44797569442998e+06
   3.45322980516811e+06
   3.45848791581305e+06
   3.46375002636453e+06
   3.46901613682228e+06
   3.47428624718602e+06
   3.47956035745549e+06
   3.48483846763041e+06
   3.49012057771051e+06
   3.49540668769551e+06
   3.50069679758516e+06
   3.50599090737917e+06
   3.51128901707727e+06
   3.51659112667920e+06
   3.52189723618469e+06
   3.52720734559346e+06
   3.53252145490525e+06
   3.53783956411978e+06
   3.54316167323679e+06
   3.54848778225601e+06
   3.55381789117717e+06
   3.55915200000000e+06
   3.56449010872423e+06
   3.56983221734960e+06
   3.57517832587583e+06
   3.58052843430266e+06
   3.58588254262983e+06
   3.59124065085706e+06
   3.59660275898409e+06
   3.60196886701065e+06
   3.60733897493647e+06
   3.61271308276129e+06
   3.61809119048485e+06
   3.62347329810688e+06
   3.62885940562711e+06
   3.63424951304528e+06
   3.63964362036112e+06
   3.64504172757436e+06
   3.65044383468476e+06
   3.65584994169203e+06
   3.66126004859592e+06
   3.66667415539616e+06
   3.67209226209249e+06
   3.67751436868465e+06
   3.68294047517238e+06
   3.68837058155540e+06
   3.69380468783346e+06
   3.69924279400630e+06
   3.70468490007366e+06
   3.71013100603527e+06
   3.71558111189087e+06
   3.72103521764021e+06
   3.72649332328301e+06
   3.73195542881903e+06
   3.73742153424800e+06
   3.74289163956966e+06
   3.74836574478375e+06
   3.75384384989001e+06
   3.75932595488819e+06
   3.76481205977802e+06
   3.77030216455924e+06
   3.77579626923160e+06
   3.78129437379485e+06
   3.78679647824871e+06
   3.79230258259294e+06
   3.79781268682727e+06
   3.80332679095145e+06
   3.80884489496523e+06
   3.81436699886834e+06
   3.81989310266054e+06
   3.82542320634156e+06
   3.83095730991114e+06
   3.83649541336905e+06
   3.84203751671501e+06
   3.84758361994877e+06
   3.85313372307009e+06
   3.85868782607870e+06
   3.86424592897435e+06
   3.86980803175679e+06
   3.87537413442577e+06
   3.88094423698103e+06
   3.88651833942231e+06
   3.89209644174937e+06
   3.89767854396196e+06
   3.90326464605982e+06
   3.90885474804270e+06
   3.91444884991035e+06
   3.92004695166251e+06
   3.92564905329895e+06
   3.93125515481940e+06
   3.93686525622361e+06
   3.94247935751135e+06
   3.94809745868235e+06
   3.95371955973636e+06
   3.95934566067315e+06
   3.96497576149245e+06
   3.97060986219403e+06
   3.97624796277763e+06
   3.98189006324300e+06
   3.98753616358990e+06
   3.99318626381808e+06
   3.99884036392730e+06
   4.00449846391730e+06
   4.01016056378784e+06
   4.01582666353867e+06
   4.02149676316955e+06
   4.02717086268023e+06
   4.03284896207047e+06
   4.03853106134002e+06
   4.04421716048864e+06
   4.04990725951608e+06
   4.05560135842210e+06
   4.06129945720645e+06
   4.06700155586890e+06
   4.07270765440919e+06
   4.07841775282709e+06
   4.08413185112235e+06
   4.08984994929473e+06
   4.09557204734399e+06
   4.10129814526988e+06
   4.10702824307217e+06
   4.11276234075062e+06
   4.11850043830497e+06
   4.12424253573501e+06
   4.12998863304047e+06
   4.13573873022112e+06
   4.14149282727673e+06
   4.14725092420706e+06
   4.15301302101186e+06
   4.15877911769089e+06
   4.16454921424393e+06
   4.17032331067072e+06
   4.17610140697104e+06
   4.18188350314464e+06
   4.18766959919129e+06
   4.19345969511075e+06
   4.19925379090278e+06
   4.20505188656716e+06
   4.21085398210363e+06
   4.21666007751198e+06
   4.22247017279196e+06
   4.22828426794333e+06
   4.23410236296587e+06
   4.23992445785934e+06
   4.24575055262350e+06
   4.25158064725812e+06
   4.25741474176297e+06
   4.26325283613781e+06
   4.26909493038242e+06
   4.27494102449656e+06
   4.28079111848000e+06
   4.28664521233250e+06
   4.29250330605383e+06
   4.29836539964378e+06
   4.30423149310209e+06
   4.31010158642855e+06
   4.31597567962292e+06
   4.32185377268497e+06
   4.32773586561448e+06
   4.33362195841121e+06
   4.33951205107494e+06
   4.34540614360544e+06
   4.35130423600247e+06
   4.35720632826582e+06
   4.36311242039525e+06
   4.36902251239054e+06
   4.37493660425146e+06
   4.38085469597778e+06
   4.38677678756928e+06
   4.39270287902574e+06
   4.39863297034692e+06
   4.40456706153260e+06
   4.41050515258256e+06
   4.41644724349657e+06
   4.42239333427441e+06
   4.42834342491585e+06
   4.43429751542068e+06
   4.44025560578866e+06
   4.44621769601958e+06
   4.45218378611321e+06
   4.45815387606933e+06
   4.46412796588773e+06
   4.47010605556817e+06
   4.47608814511043e+06
   4.48207423451430e+06
   4.48806432377956e+06
   4.49405841290599e+06
   4.50005650189335e+06
   4.50605859074145e+06
   4.51206467945005e+06
   4.51807476801895e+06
   4.52408885644791e+06
   4.53010694473672e+06
   4.53612903288517e+06
   4.54215512089304e+06
   4.54818520876011e+06
   4.55421929648616e+06
   4.56025738407098e+06
   4.56629947151435e+06
   4.57234555881606e+06
   4.57839564597589e+06
   4.58444973299363e+06
   4.59050781986906e+06
   4.59656990660196e+06
   4.60263599319213e+06
   4.60870607963935e+06
   4.61478016594341e+06
   4.62085825210410e+06
   4.62694033812119e+06
   4.63302642399449e+06
   4.63911650972377e+06
   4.64521059530883e+06
   4.65130868074946e+06
   4.65741076604544e+06
   4.66351685119657e+06
   4.66962693620264e+06
   4.67574102106343e+06
   4.68185910577874e+06
   4.68798119034835e+06
   4.69410727477207e+06
   4.70023735904967e+06
   4.70637144318096e+06
   4.71250952716573e+06
   4.71865161100377e+06
   4.72479769469487e+06
   4.73094777823882e+06
   4.73710186163543e+06
   4.74325994488448e+06
   4.74942202798577e+06
   4.75558811093910e+06
   4.76175819374426e+06
   4.76793227640104e+06
   4.77411035890924e+06
   4.78029244126867e+06
   4.78647852347911e+06
   4.79266860554036e+06
   4.79886268745223e+06
   4.80506076921450e+06
   4.81126285082699e+06
   4.81746893228948e+06
   4.82367901360177e+06
   4.82989309476367e+06
   4.83611117577498e+06
   4.84233325663549e+06
   4.84855933734501e+06
   4.85478941790333e+06
   4.86102349831027e+06
   4.86726157856561e+06
   4.87350365866917e+06
   4.87974973862075e+06
   4.88599981842014e+06
   4.89225389806715e+06
   4.89851197756159e+06
   4.90477405690326e+06
   4.91104013609196e+06
   4.91731021512750e+06
   4.92358429400968e+06
   4.92986237273832e+06
   4.93614445131320e+06
   4.94243052973415e+06
   4.94872060800097e+06
   4.95501468611347e+06
   4.96131276407144e+06
   4.96761484187471e+06
   4.97392091952308e+06
   4.98023099701635e+06
   4.98654507435434e+06
   4.99286315153686e+06
   4.99918522856371e+06
   5.00551130543470e+06
   5.01184138214966e+06
   5.01817545870838e+06
   5.02451353511068e+06
   5.03085561135637e+06
   5.03720168744526e+06
   5.04355176337716e+06
   5.04990583915189e+06
   5.05626391476927e+06
   5.06262599022910e+06
   5.06899206553119e+06
   5.07536214067537e+06
   5.08173621566145e+06
   5.08811429048924e+06
   5.09449636515855e+06
   5.10088243966921e+06
   5.10727251402104e+06
   5.11366658821383e+06
   5.12006466224743e+06
   5.12646673612163e+06
   5.13287280983627e+06
   5.13928288339115e+06
   5.14569695678610e+06
   5.15211503002093e+06
   5.15853710309547e+06
   5.16496317600953e+06
   5.17139324876295e+06
   5.17782732135552e+06
   5.18426539378709e+06
   5.19070746605746e+06
   5.19715353816646e+06
   5.20360361011391e+06
   5.21005768189964e+06
   5.21651575352347e+06
   5.22297782498522e+06
   5.22944389628472e+06
   5.23591396742179e+06
   5.24238803839625e+06
   5.24886610920793e+06
   5.25534817985665e+06
   5.26183425034225e+06
   5.26832432066454e+06
   5.27481839082336e+06
   5.28131646081853e+06
   5.28781853064988e+06
   5.29432460031723e+06
   5.30083466982042e+06
   5.30734873915927e+06
   5.31386680833361e+06
   5.32038887734327e+06
   5.32691494618809e+06
   5.33344501486789e+06
   5.33997908338250e+06
   5.34651715173176e+06
   5.35305921991549e+06
   5.35960528793353e+06
   5.36615535578570e+06
   5.37270942347185e+06
   5.37926749099181e+06
   5.38582955834540e+06
   5.39239562553247e+06
   5.39896569255284e+06
   5.40553975940636e+06
   5.41211782609286e+06
   5.41869989261216e+06
   5.42528595896412e+06
   5.43187602514856e+06
   5.43847009116533e+06
   5.44506815701425e+06
   5.45167022269517e+06
   5.45827628820793e+06
   5.46488635355236e+06
   5.47150041872831e+06
   5.47811848373561e+06
   5.48474054857409e+06
   5.49136661324361e+06
   5.49799667774401e+06
   5.50463074207512e+06
   5.51126880623678e+06
   5.51791087022884e+06
   5.52455693405114e+06
   5.53120699770352e+06
   5.53786106118583e+06
   5.54451912449790e+06
   5.55118118763959e+06
   5.55784725061073e+06
   5.56451731341118e+06
   5.57119137604077e+06
   5.57786943849936e+06
   5.58455150078678e+06
   5.59123756290289e+06
   5.59792762484753e+06
   5.60462168662055e+06
   5.61131974822180e+06
   5.61802180965113e+06
   5.62472787090837e+06
   5.63143793199339e+06
   5.63815199290603e+06
   5.64487005364615e+06
   5.65159211421358e+06
   5.65831817460819e+06
   5.66504823482983e+06
   5.67178229487833e+06
   5.67852035475357e+06
   5.68526241445539e+06
   5.69200847398364e+06
   5.69875853333817e+06
   5.70551259251885e+06
   5.71227065152552e+06
   5.71903271035804e+06
   5.72579876901626e+06
   5.73256882750004e+06
   5.73934288580924e+06
   5.74612094394370e+06
   5.75290300190330e+06
   5.75968905968788e+06
   5.76647911729730e+06
   5.77327317473142e+06
   5.78007123199010e+06
   5.78687328907320e+06
   5.79367934598058e+06
   5.80048940271209e+06
   5.80730345926760e+06
   5.81412151564697e+06
   5.82094357185005e+06
   5.82776962787672e+06
   5.83459968372683e+06
   5.84143373940024e+06
   5.84827179489682e+06
   5.85511385021643e+06
   5.86195990535893e+06
   5.86880996032419e+06
   5.87566401511208e+06
   5.88252206972245e+06
   5.88938412415517e+06
   5.89625017841012e+06
   5.90312023248714e+06
   5.90999428638612e+06
   5.91687234010692e+06
   5.92375439364941e+06
   5.93064044701344e+06
   5.93753050019891e+06
   5.94442455320566e+06
   5.95132260603357e+06
   5.95822465868252e+06
   5.96513071115237e+06
   5.97204076344298e+06
   5.97895481555424e+06
   5.98587286748602e+06
   5.99279491923818e+06
   5.99972097081060e+06
   6.00665102220315e+06
   6.01358507341571e+06
   6.02052312444815e+06
   6.02746517530034e+06
   6.03441122597215e+06
   6.04136127646347e+06
   6.04831532677417e+06
   6.05527337690412e+06
   6.06223542685320e+06
   6.06920147662129e+06
   6.07617152620827e+06
   6.08314557561401e+06
   6.09012362483838e+06
   6.09710567388128e+06
   6.10409172274258e+06
   6.11108177142215e+06
   6.11807581991989e+06
   6.12507386823566e+06
   6.13207591636935e+06
   6.13908196432084e+06
   6.14609201209002e+06
   6.15310605967676e+06
   6.16012410708095e+06
   6.16714615430247e+06
   6.17417220134120e+06
   6.18120224819703e+06
   6.18823629486985e+06
   6.19527434135953e+06
   6.20231638766596e+06
   6.20936243378904e+06
   6.21641247972864e+06
   6.22346652548465e+06
   6.23052457105697e+06
   6.23758661644547e+06
   6.24465266165004e+06
   6.25172270667058e+06
   6.25879675150697e+06
   6.26587479615911e+06
   6.27295684062687e+06
   6.28004288491016e+06
   6.28713292900887e+06
   6.29422697292287e+06
   6.30132501665208e+06
   6.30842706019637e+06
   6.31553310355565e+06
   6.32264314672980e+06
   6.32975718971871e+06
   6.33687523252229e+06
   6.34399727514043e+06
   6.35112331757302e+06
   6.35825335981995e+06
   6.36538740188113e+06
   6.37252544375645e+06
   6.37966748544580e+06
   6.38681352694909e+06
   6.39396356826621e+06
   6.40111760939706e+06
   6.40827565034153e+06
   6.41543769109953e+06
   6.42260373167096e+06
   6.42977377205571e+06
   6.43694781225369e+06
   6.44412585226480e+06
   6.45130789208894e+06
   6.45849393172601e+06
   6.46568397117591e+06
   6.47287801043855e+06
   6.48007604951383e+06
   6.48727808840165e+06
   6.49448412710191e+06
   6.50169416561453e+06
   6.50890820393941e+06
   6.51612624207645e+06
   6.52334828002555e+06
   6.53057431778663e+06
   6.53780435535960e+06
   6.54503839274435e+06
   6.55227642994079e+06
   6.55951846694885e+06
   6.56676450376842e+06
   6.57401454039941e+06
   6.58126857684173e+06
   6.58852661309529e+06
   6.59578864916002e+06
   6.60305468503580e+06
   6.61032472072256e+06
   6.61759875622021e+06
   6.62487679152866e+06
   6.63215882664783e+06
   6.63944486157762e+06
   6.64673489631795e+06
   6.65402893086874e+06
   6.66132696522990e+06
   6.66862899940134e+06
   6.67593503338299e+06
   6.68324506717475e+06
   6.69055910077655e+06
   6.69787713418830e+06
   6.70519916740992e+06
   6.71252520044133e+06
   6.71985523328244e+06
   6.72718926593317e+06
   6.73452729839346e+06
   6.74186933066320e+06
   6.74921536274233e+06
   6.75656539463077e+06
   6.76391942632843e+06
   6.77127745783525e+06
   6.77863948915113e+06
   6.78600552027601e+06
   6.79337555120981e+06
   6.80074958195245e+06
   6.80812761250385e+06
   6.81550964286394e+06
   6.82289567303265e+06
   6.83028570300990e+06
   6.83767973279562e+06
   6.84507776238973e+06
   6.85247979179216e+06
   6.85988582100284e+06
   6.86729585002170e+06
   6.87470987884866e+06
   6.88212790748366e+06
   6.88954993592661e+06
   6.89697596417747e+06
   6.90440599223614e+06
   6.91184002010257e+06
   6.91927804777668e+06
   6.92672007525841e+06
   6.93416610254769e+06
   6.94161612964446e+06
   6.94907015654864e+06
   6.95652818326016e+06
   6.96399020977897e+06
   6.97145623610500e+06
   6.97892626223819e+06
   6.98640028817846e+06
   6.99387831392575e+06
   7.00136033948001e+06
   7.00884636484116e+06
   7.01633639000916e+06
   7.02383041498392e+06
   7.03132843976540e+06
   7.03883046435352e+06
   7.04633648874824e+06
   7.05384651294949e+06
   7.06136053695721e+06
   7.06887856077134e+06
   7.07640058439183e+06
   7.08392660781860e+06
   7.09145663105162e+06
   7.09899065409081e+06
   7.10652867693613e+06
   7.11407069958751e+06
   7.12161672204491e+06
   7.12916674430826e+06
   7.13672076637751e+06
   7.14427878825261e+06
   7.15184080993349e+06
   7.15940683142012e+06
   7.16697685271243e+06
   7.17455087381038e+06
   7.18212889471391e+06
   7.18971091542296e+06
   7.19729693593750e+06
   7.20488695625746e+06
   7.21248097638280e+06
   7.22007899631347e+06
   7.22768101604942e+06
   7.23528703559060e+06
   7.24289705493696e+06
   7.25051107408846e+06
   7.25812909304504e+06
   7.26575111180667e+06
   7.27337713037329e+06
   7.28100714874485e+06
   7.28864116692132e+06
   7.29627918490265e+06
   7.30392120268880e+06
   7.31156722027971e+06
   7.31921723767536e+06
   7.32687125487568e+06
   7.33452927188065e+06
   7.34219128869022e+06
   7.34985730530435e+06
   7.35752732172299e+06
   7.36520133794611e+06
   7.37287935397367e+06
   7.38056136980563e+06
   7.38824738544194e+06
   7.39593740088258e+06
   7.40363141612749e+06
   7.41132943117665e+06
   7.41903144603002e+06
   7.42673746068756e+06
   7.43444747514924e+06
   7.44216148941501e+06
   7.44987950348485e+06
   7.45760151735871e+06
   7.46532753103657e+06
   7.47305754451839e+06
   7.48079155780414e+06
   7.48852957089379e+06
   7.49627158378730e+06
   7.50401759648464e+06
   7.51176760898577e+06
   7.51952162129068e+06
   7.52727963339933e+06
   7.53504164531168e+06
   7.54280765702772e+06
   7.55057766854740e+06
   7.55835167987071e+06
   7.56612969099761e+06
   7.57391170192808e+06
   7.58169771266209e+06
   7.58948772319961e+06
   7.59728173354062e+06
   7.60507974368509e+06
   7.61288175363300e+06
   7.62068776338432e+06
   7.62849777293903e+06
   7.63631178229711e+06
   7.64412979145852e+06
   7.65195180042326e+06
   7.65977780919129e+06
   7.66760781776260e+06
   7.67544182613716e+06
   7.68327983431496e+06
   7.69112184229597e+06
   7.69896785008017e+06
   7.70681785766755e+06
   7.71467186505808e+06
   7.72252987225175e+06
   7.73039187924855e+06
   7.73825788604844e+06
   7.74612789265142e+06
   7.75400189905747e+06
   7.76187990526658e+06
   7.76976191127872e+06
   7.77764791709389e+06
   7.78553792271207e+06
   7.79343192813324e+06
   7.80132993335740e+06
   7.80923193838452e+06
   7.81713794321460e+06
   7.82504794784763e+06
   7.83296195228359e+06
   7.84087995652248e+06
   7.84880196056427e+06
   7.85672796440897e+06
   7.86465796805656e+06
   7.87259197150704e+06
   7.88052997476039e+06
   7.88847197781661e+06
   7.89641798067568e+06
   7.90436798333761e+06
   7.91232198580239e+06
   7.92027998807001e+06
   7.92824199014046e+06
   7.93620799201374e+06
   7.94417799368985e+06
   7.95215199516878e+06
   7.96012999645052e+06
   7.96811199753508e+06
   7.97609799842245e+06
   7.98408799911262e+06
   7.99208199960561e+06
   8.00007999990140e+06
