ARMA_MAT_TXT_FN008
200 1
   9.77144474776287e+00
   3.90833919627330e+01
   8.79286811430793e+01
   1.56295380062715e+02
   2.44166787686117e+02
   3.51521438248150e+02
   4.78333106497914e+02
   6.24570814105173e+02
   7.90198837227930e+02
   9.75176715239242e+02
   1.17945926061129e+03
   1.40299656995392e+03
   1.64573403620544e+03
   1.90761236197238e+03
   2.18856757401496e+03
   2.48853103887491e+03
   2.80742947964162e+03
   3.14518499385279e+03
   3.50171507252473e+03
   3.87693262030836e+03
   4.27074597676528e+03
   4.68305893875909e+03
   5.11377078395667e+03
   5.56277629543307e+03
   6.02996578737460e+03
   6.51522513187362e+03
   7.01843578680826e+03
   7.53947482480075e+03
   8.07821496324684e+03
   8.63452459540908e+03
   9.20826782256666e+03
   9.79930448721351e+03
   1.04074902072968e+04
   1.10326764114875e+04
   1.16747103754743e+04
   1.23334352592722e+04
   1.30086901455359e+04
   1.37003100788703e+04
   1.44081261061260e+04
   1.51319653176732e+04
   1.58716508896402e+04
   1.66270021271097e+04
   1.73978345082595e+04
   1.81839597294391e+04
   1.89851857511694e+04
   1.98013168450555e+04
   2.06321536415999e+04
   2.14774931789065e+04
   2.23371289522606e+04
   2.32108509645757e+04
   2.40984457776927e+04
   2.49996965645195e+04
   2.59143831619996e+04
   2.68422821248943e+04
   2.77831667803672e+04
   2.87368072833579e+04
   2.97029706727292e+04
   3.06814209281767e+04
   3.16719190278851e+04
   3.26742230069182e+04
   3.36880880163271e+04
   3.47132663829637e+04
   3.57495076699840e+04
   3.67965587380259e+04
   3.78541638070479e+04
   3.89220645188126e+04
   4.00000000000000e+04
   4.10877069259351e+04
   4.21849195849148e+04
   4.32913699431171e+04
   4.44067877100787e+04
   4.55309004047224e+04
   4.66634334219211e+04
   4.78041100995797e+04
   4.89526517862200e+04
   5.01087779090512e+04
   5.12722060425100e+04
   5.24426519772534e+04
   5.36198297895867e+04
   5.48034519113112e+04
   5.59932291999727e+04
   5.71888710094954e+04
   5.83900852611822e+04
   5.95965785150659e+04
   6.08080560415922e+04
   6.20242218936183e+04
   6.32447789787084e+04
   6.44694291317098e+04
   6.56978731875896e+04
   6.69298110545176e+04
   6.81649417871736e+04
   6.94029636602650e+04
   7.06435742422334e+04
   7.18864704691350e+04
   7.31313487186747e+04
   7.43779048843766e+04
   7.56258344498731e+04
   7.68748325632945e+04
   7.81245941117391e+04
   7.93748137958093e+04
   8.06251862041907e+04
   8.18754058882608e+04
   8.31251674367056e+04
   8.43741655501269e+04
   8.56220951156234e+04
   8.68686512813253e+04
   8.81135295308649e+04
   8.93564257577666e+04
   9.05970363397350e+04
   9.18350582128264e+04
   9.30701889454824e+04
   9.43021268124103e+04
   9.55305708682902e+04
   9.67552210212916e+04
   9.79757781063817e+04
   9.91919439584078e+04
   1.00403421484934e+05
   1.01609914738818e+05
   1.02811128990505e+05
   1.04006770800027e+05
   1.05196548088689e+05
   1.06380170210413e+05
   1.07557348022747e+05
   1.08727793957490e+05
   1.09891222090949e+05
   1.11047348213780e+05
   1.12195889900420e+05
   1.13336566578079e+05
   1.14469099595278e+05
   1.15593212289921e+05
   1.16708630056883e+05
   1.17815080415085e+05
   1.18912293074065e+05
   1.20000000000000e+05
   1.21077935481187e+05
   1.22145836192952e+05
   1.23203441261974e+05
   1.24250492330016e+05
   1.25286733617036e+05
   1.26311911983673e+05
   1.27325776993082e+05
   1.28328080972115e+05
   1.29318579071823e+05
   1.30297029327271e+05
   1.31263192716642e+05
   1.32216833219633e+05
   1.33157717875106e+05
   1.34085616838000e+05
   1.35000303435480e+05
   1.35901554222307e+05
   1.36789149035424e+05
   1.37662871047739e+05
   1.38522506821094e+05
   1.39367846358400e+05
   1.40198683154945e+05
   1.41014814248831e+05
   1.41816040270561e+05
   1.42602165491741e+05
   1.43372997872890e+05
   1.44128349110360e+05
   1.44868034682327e+05
   1.45591873893874e+05
   1.46299689921130e+05
   1.46991309854464e+05
   1.47666564740728e+05
   1.48325289624526e+05
   1.48967323588512e+05
   1.49592509792703e+05
   1.50200695512787e+05
   1.50791732177433e+05
   1.51365475404591e+05
   1.51921785036753e+05
   1.52460525175199e+05
   1.52981564213192e+05
   1.53484774868126e+05
   1.53970034212625e+05
   1.54437223704567e+05
   1.54886229216043e+05
   1.55316941061241e+05
   1.55729254023235e+05
   1.56123067379692e+05
   1.56498284927475e+05
   1.56854815006147e+05
   1.57192570520358e+05
   1.57511468961125e+05
   1.57811432425985e+05
   1.58092387638028e+05
   1.58354265963795e+05
   1.58597003430046e+05
   1.58820540739389e+05
   1.59024823284761e+05
   1.59209801162772e+05
   1.59375429185895e+05
   1.59521666893502e+05
   1.59648478561752e+05
   1.59755833212314e+05
   1.59843704619937e+05
   1.59912071318857e+05
   1.59960916608037e+05
   1.59990228555252e+05
