              n      Armadillo     Analytical         Jacobi
            100   0.0031080000   -0.031099862    0.059549000
            200    0.011787000   -0.015629178     0.77832000
            300    0.037460000   -0.010436995      4.1294670
            400    0.086131000  -0.0078343155      13.681353
            500     0.16576200  -0.0062706029
            600     0.28458500  -0.0052272518
            700     0.45512600  -0.0044815722
            800     0.67567700  -0.0039220782
            900     0.97462900  -0.0034867772
