ARMA_MAT_TXT_FN008
100 1
   4.05422796798814e+00
   7.90071548783552e+00
   1.18030414994674e+01
   1.57359906179314e+01
   1.97420844051765e+01
   2.40267838592546e+01
   2.88956395556194e+01
   3.45184565222060e+01
   4.09250983995817e+01
   4.81036196136478e+01
   5.60379834081641e+01
   6.47139823463126e+01
   7.41189750068219e+01
   8.42411114634539e+01
   9.50687873249959e+01
   1.06590310334229e+02
   1.18793701748513e+02
   1.31666578131225e+02
   1.45196081230407e+02
   1.59368837221563e+02
   1.74170934370333e+02
   1.89587912588334e+02
   2.05604760898785e+02
   2.22205920323203e+02
   2.39375290598460e+02
   2.57096239685023e+02
   2.75351615372969e+02
   2.94123758513475e+02
   3.13394517547295e+02
   3.33145264096945e+02
   3.53356909453208e+02
   3.74009921830071e+02
   3.95084344292189e+02
   4.16559813279841e+02
   4.38415577671051e+02
   4.60630518330928e+02
   4.83183168105763e+02
   5.06051732224729e+02
   5.29214109075897e+02
   5.52647911326051e+02
   5.76330487355827e+02
   6.00238942983097e+02
   6.24350163448625e+02
   6.48640835638701e+02
   6.73087470520024e+02
   6.97666425762434e+02
   7.22353928525337e+02
   7.47126098383832e+02
   7.71958970370593e+02
   7.96828518109643e+02
   8.21710677018110e+02
   8.46581367552056e+02
   8.71416518472408e+02
   8.96192090106943e+02
   9.20884097584203e+02
   9.45468634015069e+02
   9.69921893597633e+02
   9.94220194620785e+02
   1.01834000234172e+03
   1.04225795171235e+03
   1.06595086992907e+03
   1.08939579878019e+03
   1.11257001676432e+03
   1.13545106095251e+03
   1.15801674856585e+03
   1.18024519823863e+03
   1.20211485093574e+03
   1.22360449049009e+03
   1.24469326372295e+03
   1.26536070010567e+03
   1.28558673091515e+03
   1.30535170782802e+03
   1.32463642088707e+03
   1.34342211575897e+03
   1.36169051018177e+03
   1.37942380947121e+03
   1.39660472091468e+03
   1.41321646682249e+03
   1.42924279592122e+03
   1.44466799264878e+03
   1.45947688372337e+03
   1.47365484107373e+03
   1.48718777977610e+03
   1.50006214894350e+03
   1.51226491237711e+03
   1.52378351389716e+03
   1.53460581901843e+03
   1.54472001884388e+03
   1.55411447129703e+03
   1.56277743381039e+03
   1.57069659790530e+03
   1.57785823752418e+03
   1.58424553406885e+03
   1.58983489491541e+03
   1.59458595617155e+03
   1.59839823072838e+03
   1.60119425495928e+03
   1.60428825231779e+03
   1.60885442998598e+03
   1.61548457533263e+03
