ARMA_MAT_TXT_FN008
100 1
   4.05429074799181e+00
   7.90071979681107e+00
   1.18030748505761e+01
   1.57359647192037e+01
   1.97421115126522e+01
   2.40267885049497e+01
   2.88956312875729e+01
   3.45184621406101e+01
   4.09251043881293e+01
   4.81036176817512e+01
   5.60379839639389e+01
   6.47139855757669e+01
   7.41189841556216e+01
   8.42411143652092e+01
   9.50687870841792e+01
   1.06590324849152e+02
   1.18793685816701e+02
   1.31666561419865e+02
   1.45196088676313e+02
   1.59368840087719e+02
   1.74170929689895e+02
   1.89587921858640e+02
   2.05604751409124e+02
   2.22205935125968e+02
   2.39375272807956e+02
   2.57096234246940e+02
   2.75351614957324e+02
   2.94123763648821e+02
   3.13394518745115e+02
   3.33145256716554e+02
   3.53356910879187e+02
   3.74009925223901e+02
   3.95084339755813e+02
   4.16559836183924e+02
   4.38415566048130e+02
   4.60630514629459e+02
   4.83183171694546e+02
   5.06051743753374e+02
   5.29214100781372e+02
   5.52647913947071e+02
   5.76330484095391e+02
   6.00238943321349e+02
   6.24350159966551e+02
   6.48640837121437e+02
   6.73087471629184e+02
   6.97666420612548e+02
   7.22353928715038e+02
   7.47126101054183e+02
   7.71958969147377e+02
   7.96828522611089e+02
   8.21710672582267e+02
   8.46581372623114e+02
   8.71416516692855e+02
   8.96192087770497e+02
   9.20884089563619e+02
   9.45468640872174e+02
   9.69921888094279e+02
   9.94220196787081e+02
   1.01834000392411e+03
   1.04225796027556e+03
   1.06595086572763e+03
   1.08939580034056e+03
   1.11257001987099e+03
   1.13545106493398e+03
   1.15801674571718e+03
   1.18024519809315e+03
   1.20211485789206e+03
   1.22360447409002e+03
   1.24469326494930e+03
   1.26536070708683e+03
   1.28558673280784e+03
   1.30535172381160e+03
   1.32463640924378e+03
   1.34342212282539e+03
   1.36169050942086e+03
   1.37942381507231e+03
   1.39660470796673e+03
   1.41321646386291e+03
   1.42924279849669e+03
   1.44466798657820e+03
   1.45947688761656e+03
   1.47365484007637e+03
   1.48718779528213e+03
   1.50006215147776e+03
   1.51226489962177e+03
   1.52378350789405e+03
   1.53460582983011e+03
   1.54472004652760e+03
   1.55411444320676e+03
   1.56277743991224e+03
   1.57069661460394e+03
   1.57785822654291e+03
   1.58424552810852e+03
   1.58983488847289e+03
   1.59458592731416e+03
   1.59839823855956e+03
   1.60119422942456e+03
   1.60428822008828e+03
   1.60885440045098e+03
   1.61548455536627e+03
