ARMA_MAT_TXT_FN008
100 1
   3.98768041011221e+00
   7.74774019186711e+00
   1.15358847177140e+01
   1.53176101733148e+01
   1.90783623833579e+01
   2.28104011051598e+01
   2.65089021030014e+01
   3.01704785418287e+01
   3.37925187614808e+01
   3.73728511003828e+01
   4.09095568193780e+01
   4.44008563647255e+01
   4.78450343063355e+01
   5.12403854067277e+01
   5.45851721815754e+01
   5.78775881609383e+01
   6.11157229582418e+01
   6.42975261134070e+01
   6.74207668911734e+01
   7.04829869208981e+01
   7.34814417256510e+01
   7.64130255993428e+01
   7.92741714792744e+01
   8.20607124419542e+01
   8.47676820968366e+01
   8.73890125198710e+01
   8.99170475308488e+01
   9.23416856980547e+01
   9.46486384518653e+01
   9.68149915731160e+01
   9.87978815052932e+01
   1.00555723859392e+02
   1.02255712772795e+02
   1.04171310261359e+02
   1.06319319934257e+02
   1.08646418790999e+02
   1.11122768206450e+02
   1.13731897353546e+02
   1.16463280515281e+02
   1.19309537034369e+02
   1.22265187556634e+02
   1.25326003372380e+02
   1.28488627244094e+02
   1.31750335384413e+02
   1.35108879615020e+02
   1.38562378163142e+02
   1.42109237506137e+02
   1.45748094864964e+02
   1.49477774901472e+02
   1.53297256466309e+02
   1.57205646631941e+02
   1.61202160116888e+02
   1.65286102772408e+02
   1.69456858179348e+02
   1.73713876659827e+02
   1.78056666187544e+02
   1.82484784807726e+02
   1.86997834269671e+02
   1.91595454642290e+02
   1.96277319733212e+02
   2.01043133169822e+02
   2.05892625029398e+02
   2.10825548927705e+02
   2.15841679492652e+02
   2.20940810163150e+02
   2.26122751264047e+02
   2.31387328316545e+02
   2.36734380550360e+02
   2.42163759589476e+02
   2.47675328287819e+02
   2.53268959694901e+02
   2.58944536134539e+02
   2.64701948382241e+02
   2.70541094928985e+02
   2.76461881320844e+02
   2.82464219565393e+02
   2.88548027597062e+02
   2.94713228794663e+02
   3.00959751545184e+02
   3.07287528848739e+02
   3.13696497960167e+02
   3.20186600063370e+02
   3.26757779974973e+02
   3.33409985874895e+02
   3.40143169070415e+02
   3.46957283914165e+02
   3.53852289307463e+02
   3.60828166217296e+02
   3.67885072786553e+02
   3.75024455044720e+02
   3.82255141351336e+02
   3.89616297036844e+02
   3.97225192292540e+02
   4.05302117629733e+02
   4.14108458870541e+02
   4.23881353613801e+02
   4.34868028853888e+02
   4.47436191144357e+02
   4.62294885368162e+02
   4.81298635571859e+02
