ARMA_MAT_TXT_FN008
100 1
   3.98768041011234e+00
   7.74774019186724e+00
   1.15358847177141e+01
   1.53176101733151e+01
   1.90783623833582e+01
   2.28104011051600e+01
   2.65089021030018e+01
   3.01704785418289e+01
   3.37925187614812e+01
   3.73728511003831e+01
   4.09095568193786e+01
   4.44008563647257e+01
   4.78450343063361e+01
   5.12403854067284e+01
   5.45851721815761e+01
   5.78775881609389e+01
   6.11157229582426e+01
   6.42975261134076e+01
   6.74207668911740e+01
   7.04829869208993e+01
   7.34814417256517e+01
   7.64130255993434e+01
   7.92741714792752e+01
   8.20607124419548e+01
   8.47676820968376e+01
   8.73890125198720e+01
   8.99170475308495e+01
   9.23416856980556e+01
   9.46486384518663e+01
   9.68149915731167e+01
   9.87978815052941e+01
   1.00555723859393e+02
   1.02255712772796e+02
   1.04171310261361e+02
   1.06319319934258e+02
   1.08646418791000e+02
   1.11122768206452e+02
   1.13731897353547e+02
   1.16463280515282e+02
   1.19309537034369e+02
   1.22265187556635e+02
   1.25326003372381e+02
   1.28488627244095e+02
   1.31750335384414e+02
   1.35108879615021e+02
   1.38562378163143e+02
   1.42109237506138e+02
   1.45748094864966e+02
   1.49477774901474e+02
   1.53297256466312e+02
   1.57205646631943e+02
   1.61202160116889e+02
   1.65286102772409e+02
   1.69456858179350e+02
   1.73713876659829e+02
   1.78056666187546e+02
   1.82484784807727e+02
   1.86997834269672e+02
   1.91595454642292e+02
   1.96277319733214e+02
   2.01043133169824e+02
   2.05892625029400e+02
   2.10825548927708e+02
   2.15841679492655e+02
   2.20940810163151e+02
   2.26122751264050e+02
   2.31387328316548e+02
   2.36734380550363e+02
   2.42163759589479e+02
   2.47675328287820e+02
   2.53268959694904e+02
   2.58944536134542e+02
   2.64701948382243e+02
   2.70541094928987e+02
   2.76461881320848e+02
   2.82464219565396e+02
   2.88548027597065e+02
   2.94713228794666e+02
   3.00959751545187e+02
   3.07287528848741e+02
   3.13696497960171e+02
   3.20186600063374e+02
   3.26757779974978e+02
   3.33409985874898e+02
   3.40143169070419e+02
   3.46957283914168e+02
   3.53852289307467e+02
   3.60828166217299e+02
   3.67885072786556e+02
   3.75024455044723e+02
   3.82255141351340e+02
   3.89616297036847e+02
   3.97225192292543e+02
   4.05302117629737e+02
   4.14108458870546e+02
   4.23881353613804e+02
   4.34868028853892e+02
   4.47436191144361e+02
   4.62294885368165e+02
   4.81298635571864e+02
