ARMA_MAT_TXT_FN008
200 1
   9.77329848349023e+00
   3.90841963794791e+01
   8.79336619728958e+01
   1.56298127156364e+02
   2.44163561852052e+02
   3.51522917613244e+02
   4.78340052603621e+02
   6.24569142316482e+02
   7.90201953454147e+02
   9.75177867986028e+02
   1.17945879888947e+03
   1.40299296734321e+03
   1.64573429270022e+03
   1.90761372202764e+03
   2.18856802345985e+03
   2.48853135131851e+03
   2.80743049032455e+03
   3.14518472776695e+03
   3.50171507352794e+03
   3.87693269737501e+03
   4.27074662200097e+03
   4.68305804048265e+03
   5.11377021639173e+03
   5.56277490725629e+03
   6.02996680478394e+03
   6.51522628835095e+03
   7.01843676294134e+03
   7.53947350900706e+03
   8.07821413213649e+03
   8.63452449132474e+03
   9.20826729378770e+03
   9.79930449470776e+03
   1.04074914116851e+04
   1.10326755482666e+04
   1.16747105752953e+04
   1.23334351758035e+04
   1.30086899929603e+04
   1.37003099592464e+04
   1.44081264225226e+04
   1.51319658091112e+04
   1.58716513695662e+04
   1.66270010667445e+04
   1.73978342832308e+04
   1.81839595927377e+04
   1.89851863090207e+04
   1.98013166033271e+04
   2.06321530883169e+04
   2.14774921759735e+04
   2.23371288510352e+04
   2.32108513049027e+04
   2.40984464659914e+04
   2.49996960688566e+04
   2.59143837596620e+04
   2.68422820381489e+04
   2.77831662184111e+04
   2.87368085919639e+04
   2.97029702149635e+04
   3.06814206404350e+04
   3.16719189212782e+04
   3.26742233223985e+04
   3.36880880020350e+04
   3.47132656103824e+04
   3.57495078727588e+04
   3.67965590746355e+04
   3.78541635849647e+04
   3.89220651216900e+04
   4.00000006135229e+04
   4.10877058111952e+04
   4.21849192512492e+04
   4.32913696041314e+04
   4.44067876584143e+04
   4.55309003941789e+04
   4.66634344061962e+04
   4.78041098404804e+04
   4.89526518223226e+04
   5.01087775090405e+04
   5.12722066499296e+04
   5.24426519133652e+04
   5.36198296291229e+04
   5.48034521483416e+04
   5.59932286981315e+04
   5.71888708418183e+04
   5.83900853509656e+04
   5.95965784769483e+04
   6.08080557748632e+04
   6.20242217829038e+04
   6.32447791627071e+04
   6.44694290494550e+04
   6.56978737333634e+04
   6.69298106669381e+04
   6.81649416710908e+04
   6.94029637090297e+04
   7.06435744965915e+04
   7.18864701108907e+04
   7.31313486504461e+04
   7.43779047868667e+04
   7.56258346523556e+04
   7.68748328216515e+04
   7.81245944481107e+04
   7.93748133052992e+04
   8.06251868617435e+04
   8.18754052555238e+04
   8.31251674876698e+04
   8.43741655903599e+04
   8.56220949091811e+04
   8.68686518535636e+04
   8.81135298802315e+04
   8.93564255316330e+04
   9.05970366134680e+04
   9.18350584583463e+04
   9.30701890551000e+04
   9.43021266953298e+04
   9.55305703272014e+04
   9.67552208330208e+04
   9.79757785863310e+04
   9.91919438965595e+04
   1.00403420956430e+05
   1.01609914787619e+05
   1.02811128561722e+05
   1.04006770863014e+05
   1.05196547991155e+05
   1.06380170000952e+05
   1.07557348171578e+05
   1.08727794024939e+05
   1.09891222651203e+05
   1.11047348557879e+05
   1.12195890247127e+05
   1.13336566205566e+05
   1.14469099564873e+05
   1.15593212100054e+05
   1.16708629753955e+05
   1.17815081202525e+05
   1.18912294752736e+05
   1.19999998859791e+05
   1.21077935637224e+05
   1.22145835295736e+05
   1.23203441798339e+05
   1.24250492814900e+05
   1.25286734822327e+05
   1.26311910795823e+05
   1.27325776693628e+05
   1.28328080652459e+05
   1.29318579605509e+05
   1.30297028605926e+05
   1.31263192469923e+05
   1.32216833282180e+05
   1.33157718277374e+05
   1.34085616960288e+05
   1.35000303865921e+05
   1.35901554260567e+05
   1.36789149028482e+05
   1.37662870518049e+05
   1.38522506790510e+05
   1.39367846026170e+05
   1.40198683366409e+05
   1.41014814553201e+05
   1.41816040804639e+05
   1.42602166689971e+05
   1.43372996468986e+05
   1.44128349660601e+05
   1.44868034390069e+05
   1.45591872971987e+05
   1.46299690035435e+05
   1.46991310945783e+05
   1.47666564712131e+05
   1.48325288362694e+05
   1.48967323280924e+05
   1.49592510379062e+05
   1.50200694973457e+05
   1.50791732438272e+05
   1.51365475706336e+05
   1.51921785147636e+05
   1.52460527390980e+05
   1.52981561790795e+05
   1.53484775984279e+05
   1.53970034253627e+05
   1.54437223193997e+05
   1.54886232136741e+05
   1.55316938127149e+05
   1.55729252676841e+05
   1.56123067541845e+05
   1.56498284904602e+05
   1.56854816302975e+05
   1.57192569706018e+05
   1.57511472248502e+05
   1.57811432607580e+05
   1.58092384106377e+05
   1.58354266249209e+05
   1.58597004143085e+05
   1.58820540135092e+05
   1.59024823015614e+05
   1.59209799388618e+05
   1.59375435223344e+05
   1.59521665898484e+05
   1.59648479768045e+05
   1.59755830752706e+05
   1.59843708110671e+05
   1.59912069950438e+05
   1.59960915795463e+05
   1.59990209441738e+05
