ARMA_MAT_TXT_FN008
100 1
   9.86880867885973e+00
   3.94656872804086e+01
   8.87620027360835e+01
   1.57710064044435e+02
   2.46243168409085e+02
   3.54275665769379e+02
   4.81703041661295e+02
   6.28402018328419e+02
   7.94230673985230e+02
   9.79028580117257e+02
   1.18261695668529e+03
   1.40479884508356e+03
   1.64535929868443e+03
   1.90406559078538e+03
   2.18066743975710e+03
   2.47489725117475e+03
   2.78647037669831e+03
   3.11508538945146e+03
   3.46042437563263e+03
   3.82215324207608e+03
   4.19992203946540e+03
   4.59336530088692e+03
   5.00210239539531e+03
   5.42573789624958e+03
   5.86386196346265e+03
   6.31605074029530e+03
   6.78186676331012e+03
   7.26085938558906e+03
   7.75256521270532e+03
   8.25650855102757e+03
   8.77220186792249e+03
   9.29914626341163e+03
   9.83683195282445e+03
   1.03847387599824e+04
   1.09423366204355e+04
   1.15090860942656e+04
   1.20844388879598e+04
   1.26678383848487e+04
   1.32587201835973e+04
   1.38565126442270e+04
   1.44606374411397e+04
   1.50705101226114e+04
   1.56855406762105e+04
   1.63051340995978e+04
   1.69286909761518e+04
   1.75556080548663e+04
   1.81852788339563e+04
   1.88170941476099e+04
   1.94504427553161e+04
   2.00847119332013e+04
   2.07192880667993e+04
   2.13535572446843e+04
   2.19869058523905e+04
   2.26187211660440e+04
   2.32483919451341e+04
   2.38753090238486e+04
   2.44988659004026e+04
   2.51184593237899e+04
   2.57334898773889e+04
   2.63433625588606e+04
   2.69474873557734e+04
   2.75452798164031e+04
   2.81361616151517e+04
   2.87195611120406e+04
   2.92949139057350e+04
   2.98616633795650e+04
   3.04192612400180e+04
   3.09671680471759e+04
   3.15048537365889e+04
   3.20317981320779e+04
   3.25474914489729e+04
   3.30514347872953e+04
   3.35431406144113e+04
   3.40221332366903e+04
   3.44879492597051e+04
   3.49401380365378e+04
   3.53782621037509e+04
   3.58018976046052e+04
   3.62106346991135e+04
   3.66040779605350e+04
   3.69818467579243e+04
   3.73435756243678e+04
   3.76889146105490e+04
   3.80175296233021e+04
   3.83291027488257e+04
   3.86233325602433e+04
   3.88999344092152e+04
   3.91586407013159e+04
   3.93992011549168e+04
   3.96213830433151e+04
   3.98249714198832e+04
   4.00097693260154e+04
   4.01755979816721e+04
   4.03222969583393e+04
   4.04497243342312e+04
   4.05577568315915e+04
   4.06462899359562e+04
   4.07152379972645e+04
   4.07645343127201e+04
   4.07941311913216e+04
