ARMA_MAT_TXT_FN008
200 1
   4.05426540238446e+00
   7.90080331750237e+00
   1.18029813036666e+01
   1.57301772024568e+01
   1.96705550318497e+01
   2.36184307570673e+01
   2.75706760102889e+01
   3.15254002993447e+01
   3.54813806152272e+01
   3.94377835680953e+01
   4.33940175138937e+01
   4.73496482588289e+01
   5.13043482871419e+01
   5.52578647694240e+01
   5.92099986331506e+01
   6.31605904623659e+01
   6.71095112124709e+01
   7.10566609711613e+01
   7.50020129960455e+01
   7.89459365708629e+01
   8.28908225273603e+01
   8.68467344811302e+01
   9.08430281934822e+01
   9.49360250698758e+01
   9.91931244670278e+01
   1.03662821861243e+02
   1.08364064913662e+02
   1.13296570979385e+02
   1.18452800193387e+02
   1.23824030405561e+02
   1.29402353932551e+02
   1.35181033168073e+02
   1.41154370588852e+02
   1.47317490766205e+02
   1.53666144589176e+02
   1.60196555584972e+02
   1.66905304095762e+02
   1.73789240773516e+02
   1.80845421748239e+02
   1.88071059625026e+02
   1.95463486063058e+02
   2.03020122896664e+02
   2.10738459622711e+02
   2.18616035686861e+02
   2.26650426428442e+02
   2.34839231845462e+02
   2.43180067556257e+02
   2.51670557489011e+02
   2.60308327942992e+02
   2.69091002748168e+02
   2.78016199311447e+02
   2.87081525384010e+02
   2.96284576419304e+02
   3.05622933418043e+02
   3.15094161177318e+02
   3.24695806877006e+02
   3.34425398949296e+02
   3.44280446187164e+02
   3.54258437055497e+02
   3.64356839174990e+02
   3.74573098953970e+02
   3.84904641347502e+02
   3.95348869726453e+02
   4.05903165841963e+02
   4.16564889873023e+02
   4.27331380546739e+02
   4.38199955322406e+02
   4.49167910631780e+02
   4.60232522169067e+02
   4.71391045224991e+02
   4.82640715060106e+02
   4.93978747313138e+02
   5.05402338440698e+02
   5.16908666185164e+02
   5.28494890067923e+02
   5.40158151905501e+02
   5.51895576346408e+02
   5.63704271426756e+02
   5.75581329142933e+02
   5.87523826039793e+02
   5.99528823812994e+02
   6.11593369924239e+02
   6.23714498228294e+02
   6.35889229610787e+02
   6.48114572635844e+02
   6.60387524202726e+02
   6.72705070210695e+02
   6.85064186231384e+02
   6.97461838188010e+02
   7.09894983040823e+02
   7.22360569478197e+02
   7.34855538612840e+02
   7.47376824682596e+02
   7.59921355755368e+02
   7.72486054437700e+02
   7.85067838586560e+02
   7.97663622023939e+02
   8.10270315253813e+02
   8.22884826181109e+02
   8.35504060832271e+02
   8.48124924077055e+02
   8.60744320351188e+02
   8.73359154379517e+02
   8.85966331899292e+02
   8.98562760383232e+02
   9.11145349761998e+02
   9.23711013145722e+02
   9.36256667544238e+02
   9.48779234585630e+02
   9.61275641232733e+02
   9.73742820497206e+02
   9.86177712150787e+02
   9.98577263433325e+02
   1.01093842975717e+03
   1.02325817540750e+03
   1.03553347423814e+03
   1.04776131036234e+03
   1.05993867883817e+03
   1.07206258634777e+03
   1.08413005187018e+03
   1.09613810734692e+03
   1.10808379833983e+03
   1.11996418468043e+03
   1.13177634111016e+03
   1.14351735791054e+03
   1.15518434152261e+03
   1.16677441515452e+03
   1.17828471937642e+03
   1.18971241270141e+03
   1.20105467215134e+03
   1.21230869380618e+03
   1.22347169333536e+03
   1.23454090650938e+03
   1.24551358968997e+03
   1.25638702029650e+03
   1.26715849724642e+03
   1.27782534136703e+03
   1.28838489577557e+03
   1.29883452622421e+03
   1.30917162140615e+03
   1.31939359321835e+03
   1.32949787697581e+03
   1.33948193157174e+03
   1.34934323957684e+03
   1.35907930727009e+03
   1.36868766459210e+03
   1.37816586501076e+03
   1.38751148528701e+03
   1.39672212512689e+03
   1.40579540670311e+03
   1.41472897402688e+03
   1.42352049214688e+03
   1.43216764614819e+03
   1.44066813991863e+03
   1.44901969464350e+03
   1.45722004698207e+03
   1.46526694686913e+03
   1.47315815487289e+03
   1.48089143902526e+03
   1.48846457102130e+03
   1.49587532166009e+03
   1.50312145536805e+03
   1.51020072360481e+03
   1.51711085689921e+03
   1.52384955519244e+03
   1.53041447607228e+03
   1.53680322035582e+03
   1.54301331430484e+03
   1.54904218751663e+03
   1.55488714519121e+03
   1.56054533298210e+03
   1.56601369190905e+03
   1.57128889970813e+03
   1.57636729327841e+03
   1.58124476412361e+03
   1.58591661407299e+03
   1.59037735049100e+03
   1.59462038524298e+03
   1.59863757202644e+03
   1.60241845216006e+03
   1.60594891924456e+03
   1.60920852486666e+03
   1.61216345834682e+03
   1.61474235627362e+03
   1.61687412626608e+03
   1.61900139874568e+03
   1.62161184756029e+03
   1.62465466458643e+03
   1.62806421846442e+03
   1.63182177528550e+03
   1.63592910009625e+03
   1.64040121141788e+03
   1.64526535353129e+03
   1.65056294654805e+03
   1.65635453390986e+03
   1.66272957097733e+03
   1.66982619790732e+03
   1.67787583783940e+03
   1.68732596866184e+03
   1.69933590402795e+03
