ARMA_MAT_TXT_FN008
200 1
   1.66579167105879e-02
   3.31922730383790e-02
   4.94810351739154e-02
   6.54051960657298e-02
   8.08502234144048e-02
   9.57074308291885e-02
   1.09875249197363e-01
   1.23260377502852e-01
   1.35778794956061e-01
   1.47356619283151e-01
   1.57930799298252e-01
   1.67449633357527e-01
   1.75873108881359e-01
   1.83173061742482e-01
   1.89333157860195e-01
   1.94348702735334e-01
   1.98226287823775e-01
   2.00983285512618e-01
   2.02647206970619e-01
   2.03254939246548e-01
   2.02851879650678e-01
   2.01490986653037e-01
   1.99231767259933e-01
   1.96139221089078e-01
   1.92282761173784e-01
   1.87735130910814e-01
   1.82571335566145e-01
   1.76867605410856e-01
   1.70700405928188e-01
   1.64145508669396e-01
   1.57277134298244e-01
   1.50167177213347e-01
   1.42884518931436e-01
   1.35494435210227e-01
   1.28058099738718e-01
   1.20632185173684e-01
   1.13268560392436e-01
   1.06014081101245e-01
   9.89104694088177e-02
   9.19942766673471e-02
   8.52969228112206e-02
   7.88448045881585e-02
   7.26594644816632e-02
   6.67578117543524e-02
   6.11523868910696e-02
   5.58516607670246e-02
   5.08603600920937e-02
   4.61798110627586e-02
   4.18082936631944e-02
   3.77413996722809e-02
   3.39723881260079e-02
   3.04925327338824e-02
   2.72914565242775e-02
   2.43574497828473e-02
   2.16777681232809e-02
   1.92389082802063e-02
   1.70268599234331e-02
   1.50273324471527e-02
   1.32259562848884e-02
   1.16084588265178e-02
   1.01608154734017e-02
   8.86937675213655e-03
   7.72097272258020e-03
   6.70299616200097e-03
   5.80346618784424e-03
   5.01107410412646e-03
   4.31521332284383e-03
   3.70599523222447e-03
   3.17425286084123e-03
   2.71153413111500e-03
   2.31008641072445e-03
   1.96283396383873e-03
   1.66334978238219e-03
   1.40582314231706e-03
   1.18502409264753e-03
   9.96265941607197e-04
   8.35366665847176e-04
   6.98610032709801e-04
   5.82707096499511e-04
   4.84758610735611e-04
   4.02218786846667e-04
   3.32860730910025e-04
   2.74743800729470e-04
   2.26183047568190e-04
   1.85720839999407e-04
   1.52100710479781e-04
   1.24243417999318e-04
   1.01225181819275e-04
   8.22580115361396e-05
   6.66720351067740e-05
   5.38997111023387e-05
   4.34617993422073e-05
   3.49549583066494e-05
   2.80408351174671e-05
   2.24365140753150e-05
   1.79061940773879e-05
   1.42539689982009e-05
   1.13175930166974e-05
   8.96311913289070e-06
   7.08030834146562e-06
   5.57871424985624e-06
   4.38435816631862e-06
   3.43691578143515e-06
   2.68734663328813e-06
   2.09590395960067e-06
   1.63047025945208e-06
   1.26517060823891e-06
   9.79221467747471e-07
   7.55978127955223e-07
   5.82150039530231e-07
   4.47155709696504e-07
   3.42595496050102e-07
   2.61820891980880e-07
   1.99584841612176e-07
   1.51758178212401e-07
   1.15100886855096e-07
   8.70779166577201e-08
   6.57114309813902e-08
   4.94627705631552e-08
   3.71381999010514e-08
   2.78143611076965e-08
   2.07789578984687e-08
   1.54840658442204e-08
   1.15094785077256e-08
   8.53366298802176e-09
   6.31141870757244e-09
   4.65619380543123e-09
   3.42641594320486e-09
   2.51516214900028e-09
   1.84159122977267e-09
   1.34504664168896e-09
   9.79923365743076e-10
   7.12130437815726e-10
   5.16221408316315e-10
   3.73250028961499e-10
   2.69189343714748e-10
   1.93620585523989e-10
   1.38913538323685e-10
   9.93940940289552e-11
   7.09664124217256e-11
   5.05784256826496e-11
   3.59654254830043e-11
   2.55027265352793e-11
   1.80205873141864e-11
   1.27100293752687e-11
   9.00384139528221e-12
   6.36739153569958e-12
   4.52886941440750e-12
   3.19232279996902e-12
   2.22753601512332e-12
   1.54884165931557e-12
   1.04429259414803e-12
   7.04654401605125e-13
   4.69037823851885e-13
   3.18190381104847e-13
   1.85481002427307e-13
   9.05533775140296e-14
   7.42582481593437e-15
  -5.48546114669393e-14
  -9.90260838328970e-14
  -1.37349544656172e-13
  -1.09281567833977e-13
  -8.88930564213012e-14
  -6.68240767449346e-14
  -7.82554477251789e-14
  -9.05479826564477e-14
  -8.08500248079319e-14
  -4.68192620298304e-14
  -1.22686199425228e-14
   1.23355373029012e-14
   5.39359245101969e-14
   8.96312767145874e-14
   1.05806266503916e-13
   8.17168623537342e-14
   4.65960140987114e-14
   3.25207541148366e-14
   8.52767370478330e-14
   1.46668227178245e-13
   1.90812272531403e-13
   1.50609670451034e-13
   9.72664643700843e-14
   9.27086009865942e-14
   8.89934304604512e-14
   1.32986159852845e-13
   1.18840460670220e-13
   1.15534265302683e-13
   1.23436410139972e-13
   1.18358862902901e-13
   1.13610293669100e-13
   4.47997767874560e-14
   1.83860725130997e-14
   1.87031279321923e-14
   5.66292153660518e-14
   1.01626499930595e-13
   8.39298727023488e-14
   5.90541841839252e-14
   1.72074289138271e-14
  -3.74412292115176e-15
   3.40809733070348e-16
  -6.37994075418709e-15
