ARMA_MAT_TXT_FN008
200 1
   3.04325931969025e-02
   6.03603606093312e-02
   8.92938768789232e-02
   1.16770227965114e-01
   1.42366072879106e-01
   1.65708457272380e-01
   1.86483740211902e-01
   2.04444340371297e-01
   2.19413110691817e-01
   2.31285259623707e-01
   2.40027846241307e-01
   2.45676979935471e-01
   2.48332947712263e-01
   2.48153568950849e-01
   2.45346135520286e-01
   2.40158332438509e-01
   2.32868550128046e-01
   2.23775994428657e-01
   2.13190976676345e-01
   2.01425726122178e-01
   1.88786014225224e-01
   1.75563818819850e-01
   1.62031189885437e-01
   1.48435411571490e-01
   1.34995490825421e-01
   1.21899944469630e-01
   1.09305806242575e-01
   9.73387347739589e-02
   8.60940735777077e-02
   7.56386950730213e-02
   6.60134519090910e-02
   5.72360594853405e-02
   4.93042421492477e-02
   4.21989904981854e-02
   3.58877967841393e-02
   3.03277578994429e-02
   2.54684592035865e-02
   2.12545761265363e-02
   1.76281528833445e-02
   1.45305378637412e-02
   1.19039727059937e-02
   9.69284637293794e-03
   7.84463660688803e-03
   6.31056903462905e-03
   5.04602916167246e-03
   4.01076488663477e-03
   3.16891740029677e-03
   2.48891685288685e-03
   1.94327642179996e-03
   1.50831480201632e-03
   1.16383304269537e-03
   8.92767374234957e-04
   6.80835458815127e-04
   5.16189540416955e-04
   3.89086398329723e-04
   2.91580891560214e-04
   2.17247261206837e-04
   1.60930229323917e-04
   1.18526270464932e-04
   8.67941915056184e-05
   6.31932869172305e-05
   4.57467736645105e-05
   3.29279024971142e-05
   2.35660287320616e-05
   1.67699589200627e-05
   1.18660243394883e-05
   8.34853673579985e-06
   5.84051991021006e-06
   4.06286780551779e-06
   2.81033324967027e-06
   1.93299491257183e-06
   1.32207185053495e-06
   8.99154906457913e-07
   6.08096699585699e-07
   4.08952537448281e-07
   2.73488232179253e-07
   1.81875097194399e-07
   1.20276264260250e-07
   7.90973731468166e-08
   5.17276269566530e-08
   3.36406617596989e-08
   2.17566272781621e-08
   1.39928306570039e-08
   8.94973634177493e-09
   5.69259090169048e-09
   3.60088141549636e-09
   2.26515215761502e-09
   1.41707494903550e-09
   8.81579337721001e-10
   5.45408614560771e-10
   3.35600910488633e-10
   2.05381694423067e-10
   1.24980543871294e-10
   7.56608996215747e-11
   4.55510908688829e-11
   2.72030667067359e-11
   1.61613884343161e-11
   9.58643203735591e-12
   5.67164031804157e-12
   3.34343418867358e-12
   1.95441375156652e-12
   1.15834282191085e-12
   6.73313844443084e-13
   3.78383365789402e-13
   1.96516062156638e-13
   9.84100699197115e-14
   5.92759112535327e-14
   2.08217676179368e-14
   3.35649022324003e-14
  -9.77706585885909e-15
  -2.43165911712186e-14
   5.74510130668689e-16
  -2.51702978641596e-14
  -6.22260414301460e-14
  -9.00924971473246e-14
  -3.38399672403420e-14
  -4.90312950981134e-14
  -3.19956367865839e-14
  -5.53836834500089e-15
   4.55636455294648e-15
   2.04926089089000e-14
   1.39279871483759e-14
  -2.66408017775527e-14
  -3.26125302566910e-14
  -3.53080542036838e-14
  -1.01038211153234e-14
  -2.55176607484115e-14
   2.41581034466960e-14
   4.38421733510386e-14
   1.20469111707961e-14
   1.78456915763138e-14
  -4.08227141100260e-15
   8.49679248732861e-15
   3.89159191159579e-15
  -2.39255647185652e-15
  -1.97203647413920e-14
  -3.27423377409854e-14
  -1.37067166450319e-14
  -9.61738838192836e-15
  -6.71624424965401e-16
   1.00853516209092e-14
   2.62493300386406e-14
   4.29280068419198e-14
   5.62047603957501e-14
  -3.47025991218441e-15
  -5.02141757266247e-14
  -2.29198343736368e-14
  -1.09616650116909e-14
  -1.40054035403087e-14
  -1.79840447311414e-14
   1.53357010939035e-14
   2.51143981018117e-14
  -1.37935953364732e-15
   1.10300645713244e-14
   8.89947629563621e-15
  -3.25302022655801e-14
  -3.17872272990792e-14
  -9.11947940175956e-15
   1.16617956221683e-14
   1.11541453937739e-15
  -9.55718985561347e-15
   1.14825738561275e-14
   8.81265371505190e-15
   8.56191378772294e-15
  -1.97856984516067e-14
  -2.97638656341548e-14
  -3.84542907265551e-14
  -2.40421261541924e-14
  -2.34577064838024e-14
  -4.35528782853559e-14
  -1.46057319650343e-14
   1.39036366362436e-14
   2.20546654461402e-14
   3.06672610022809e-14
   1.78754022000008e-14
  -2.61325941666471e-15
  -6.12103362163992e-15
  -6.12648845441659e-15
   6.34221763615760e-15
  -1.44646717630823e-14
  -4.58447940539630e-14
  -1.87455727375959e-14
   1.14127036884754e-14
   8.50955471908131e-15
   2.76679525817179e-14
   3.01275811740582e-14
   2.02300265942940e-14
   4.85622789399786e-15
   2.23504141094151e-14
   3.44294671113260e-14
   6.15921039762514e-14
   4.37058772176813e-15
   1.26536769738924e-14
   1.60318471838970e-14
   3.95756753910042e-14
   8.58161213237357e-15
   2.53694178638625e-14
  -2.80670226561769e-17
   2.13693251651585e-14
   4.34020085178131e-15
