ARMA_MAT_TXT_FN008
200 1
   8.65174430475739e-03
   1.72393168129105e-02
   2.61279660476084e-02
   3.52566785571985e-02
   4.45639128239596e-02
   5.39871690123762e-02
   6.34632687142089e-02
   7.29288389263448e-02
   8.23208691067437e-02
   9.15772925705671e-02
   1.00637568103815e-01
   1.09443246771056e-01
   1.17938512949145e-01
   1.26070690829101e-01
   1.33790709105963e-01
   1.41053517766519e-01
   1.47818451955805e-01
   1.54049538940315e-01
   1.59715745206478e-01
   1.64791161749266e-01
   1.69255126609118e-01
   1.73092284695545e-01
   1.76292585879065e-01
   1.78851223230173e-01
   1.80768514113051e-01
   1.82049727602254e-01
   1.82704862359653e-01
   1.82748379690297e-01
   1.82198896970541e-01
   1.81078847017184e-01
   1.79414109229721e-01
   1.77233618497378e-01
   1.74568957915379e-01
   1.71453941306178e-01
   1.67924191397446e-01
   1.64016719277972e-01
   1.59769510439199e-01
   1.55221122331314e-01
   1.50410297921354e-01
   1.45375599254581e-01
   1.40155064495508e-01
   1.34785891377749e-01
   1.29304149428560e-01
   1.23744522771045e-01
   1.18140084749840e-01
   1.12522105086044e-01
   1.06919889753974e-01
   1.01360653290611e-01
   9.58694228065756e-02
   9.04689725689665e-02
   8.51797876770750e-02
   8.00200550504000e-02
   7.50056797015828e-02
   7.01503240697447e-02
   6.54654680443931e-02
   6.09604872153878e-02
   5.66427468356855e-02
   5.25177089781393e-02
   4.85890504053351e-02
   4.48587887404753e-02
   4.13274146327665e-02
   3.79940277382288e-02
   3.48564744913361e-02
   3.19114858090444e-02
   2.91548130531276e-02
   2.65813607653312e-02
   2.41853148838980e-02
   2.19602653457484e-02
   1.98993221689568e-02
   1.79952242958526e-02
   1.62404406550745e-02
   1.46272630652987e-02
   1.31478907588452e-02
   1.17945064424159e-02
   1.05593439387124e-02
   9.43474756234595e-03
   8.41322347968860e-03
   7.48748338279112e-03
   6.65048087180607e-03
   5.89544099448102e-03
   5.21588342737616e-03
   4.60563981182823e-03
   4.05886577182977e-03
   3.57004814673181e-03
   3.13400796747572e-03
   2.74589969519340e-03
   2.40120722200971e-03
   2.09573711185996e-03
   1.82560953207573e-03
   1.58724729622115e-03
   1.37736340581625e-03
   1.19294744580432e-03
   1.03125115285253e-03
   8.89773442669943e-04
   7.66245147794419e-04
   6.58613685153814e-04
   5.65027841107121e-04
   4.83822832958100e-04
   4.13505778238807e-04
   3.52741677014563e-04
   3.00339991705105e-04
   2.55241885402005e-04
   2.16508163818968e-04
   1.83307948108374e-04
   1.54908092436104e-04
   1.30663348332453e-04
   1.10007267457936e-04
   9.24438261475066e-05
   7.75397484009556e-05
   6.49174987406620e-05
   5.42489125956339e-05
   4.52494280848361e-05
   3.76728831485596e-05
   3.13068388417908e-05
   2.59683908059599e-05
   2.15004312336151e-05
   1.77683231206827e-05
   1.46569521420403e-05
   1.20681206548049e-05
   9.91825210498081e-06
   8.13637445529267e-06
   6.66235457563588e-06
   5.44535652352015e-06
   4.44249934153734e-06
   3.61769210010752e-06
   2.94062534568438e-06
   2.38590045910921e-06
   1.93228034708204e-06
   1.56204592496405e-06
   1.26044512060449e-06
   1.01522242071614e-06
   8.16218023329836e-07
   6.55027424497799e-07
   5.24712838650284e-07
   4.19559364745174e-07
   3.34869186175426e-07
   2.66788823692525e-07
   2.12163807064327e-07
   1.68417295016158e-07
   1.33448688017578e-07
   1.05549122041343e-07
   8.33313584280941e-08
   6.56713606659118e-08
   5.16604549758940e-08
   4.05653173202532e-08
   3.17955896320104e-08
   2.48767897260230e-08
   1.94284030818260e-08
   1.51459386671324e-08
   1.17861703330035e-08
   9.15517034788646e-09
   7.09868820272547e-09
   5.49420081254953e-09
   4.24474638469901e-09
   3.27354088332433e-09
   2.52003386573752e-09
   1.93650919607620e-09
   1.48542442633668e-09
   1.13739531515957e-09
   8.69323752480073e-10
   6.63248781126375e-10
   5.05155762999356e-10
   3.84067973983685e-10
   2.91528817438664e-10
   2.20859260455717e-10
   1.67041002056210e-10
   1.26100843847314e-10
   9.50360969208808e-11
   7.14988129864554e-11
   5.36844426934690e-11
   4.02074660819560e-11
   3.00223718262205e-11
   2.23509085855602e-11
   1.65958769212882e-11
   1.23117181439331e-11
   9.11270569082581e-12
   6.73253050383010e-12
   4.93043515360118e-12
   3.60585571630496e-12
   2.61932017190218e-12
   1.92977217685691e-12
   1.42059103462047e-12
   1.05514730617576e-12
   7.69810848777003e-13
   5.70447361625144e-13
   4.30519126444081e-13
   3.39006445543167e-13
   3.25486801635558e-13
   3.02186605672655e-13
   2.97994107298359e-13
   2.54712977692250e-13
   2.17570969110861e-13
   2.00510630322534e-13
   1.70444156187431e-13
   1.49396229391525e-13
   1.10484983302271e-13
   8.04082120013207e-14
   5.41956566896110e-14
   4.30786177697269e-15
  -1.16648719199546e-15
