ARMA_MAT_TXT_FN008
200 1
   2.51147281055735e-02
   4.97132471194792e-02
   7.45323929103652e-02
   9.90757149877935e-02
   1.22862868374385e-01
   1.45440547638743e-01
   1.66394308613877e-01
   1.85359351332578e-01
   2.02029503544728e-01
   2.16163983930290e-01
   2.27591709211882e-01
   2.36213054863462e-01
   2.41999108207220e-01
   2.44988568020223e-01
   2.45282543848572e-01
   2.43037587751293e-01
   2.38457348542527e-01
   2.31783272348827e-01
   2.23284783422717e-01
   2.13249366986267e-01
   2.01972943946526e-01
   1.89750879105149e-01
   1.76869904100923e-01
   1.63601168224883e-01
   1.50194558888431e-01
   1.36874363087674e-01
   1.23836275354136e-01
   1.11245699392302e-01
   9.92372420545570e-02
   8.79152608328779e-02
   7.73553001823649e-02
   6.76062375098350e-02
   5.86929557238481e-02
   5.06193645178601e-02
   4.33716053853174e-02
   3.69212939107564e-02
   3.12286752650778e-02
   2.62455932732532e-02
   2.19181983111059e-02
   1.81893432674020e-02
   1.50006388159182e-02
   1.22941585116541e-02
   1.00138002927716e-02
   8.10632362820596e-03
   6.52209083340688e-03
   5.21554718577449e-03
   4.14547775654244e-03
   3.27507975571279e-03
   2.57188813730193e-03
   2.00758969989915e-03
   1.55775739682727e-03
   1.20153243875039e-03
   9.21277379126734e-04
   7.02218989556484e-04
   5.32095579711054e-04
   4.00819630832192e-04
   3.00163298456498e-04
   2.23471529521842e-04
   1.65405248998889e-04
   1.21715269339223e-04
   8.90462261734942e-05
   6.47688847439843e-05
   4.68385383212188e-05
   3.36768639166871e-05
   2.40744595291474e-05
   1.71113031382885e-05
   1.20925012513931e-05
   8.49689896063884e-06
   5.93636542330709e-06
   4.12383363372492e-06
   2.84843516487708e-06
   1.95632264931809e-06
   1.33600379574370e-06
   9.07218760997834e-07
   6.12572385524860e-07
   4.11289625178855e-07
   2.74591341412522e-07
   1.82296490152725e-07
   1.20344392123431e-07
   7.90010884324971e-08
   5.15707234894436e-08
   3.34765059508030e-08
   2.16095957714300e-08
   1.38716139569212e-08
   8.85487251993285e-09
   5.62107589472177e-09
   3.54843622947070e-09
   2.22763199757265e-09
   1.39074394768881e-09
   8.63448280418295e-10
   5.33139816344607e-10
   3.27359553073598e-10
   1.99916937674202e-10
   1.21423877912413e-10
   7.33390380110309e-11
   4.40312252721947e-11
   2.62979991195142e-11
   1.55911575507566e-11
   9.19457015541791e-12
   5.41381699536008e-12
   3.15228197272907e-12
   1.85406151602357e-12
   1.07174529400962e-12
   6.05680808454674e-13
   3.68526062923234e-13
   1.98922105925017e-13
   1.47509281101466e-13
   1.01064341260068e-13
   7.23738775514443e-14
   4.05235431771305e-14
   3.12359148112113e-14
  -1.34573876625537e-14
  -1.79373866781106e-14
  -3.41225683798707e-14
  -4.00100363878656e-15
  -2.80103155823420e-14
   2.71180510067557e-15
  -3.79164910648292e-14
  -3.66799647987263e-14
  -3.79560189945908e-14
  -2.59069696920281e-14
  -3.15457664414919e-14
  -3.15826032046379e-15
  -1.87684564875628e-14
  -1.19926478847710e-14
   4.85910847884875e-15
  -1.61517567565459e-14
   9.78855415794170e-15
   6.21881405358401e-15
   8.40969383128970e-15
  -2.10832284331950e-14
   1.25977697927215e-15
  -1.43265123607937e-14
  -1.75693153621775e-14
   3.11471230152504e-14
  -2.49451383554505e-15
   6.44270808149083e-15
   1.78001382412454e-14
  -6.72243701641428e-16
  -1.84860272864476e-15
   1.14403920959183e-15
  -2.01767133898991e-14
  -1.99454180595966e-14
   1.30005493184403e-14
   1.55298422185599e-14
   2.13695703221276e-14
   1.33310518966496e-14
   6.75581390665194e-15
  -1.45439606042467e-14
  -2.64030227851778e-14
  -2.13430014161644e-15
  -3.00653102529408e-14
  -6.45333116611859e-15
   9.73566058036979e-15
  -2.58463668115560e-14
   4.44638076887221e-15
  -5.53116132768056e-15
  -1.39215867185245e-14
   1.09432083088132e-14
  -7.39290244586875e-17
   1.31959559978051e-14
   2.55535662912883e-15
  -3.18778204026308e-15
   2.30038656192120e-14
   4.35980772995321e-15
   8.71431603532315e-17
  -1.59187100060280e-15
  -2.98487785574794e-14
  -3.23832940563780e-14
  -1.87256864237548e-14
  -1.38586358579079e-14
  -2.09247184992236e-14
  -3.55836432356279e-15
   9.32267270039875e-15
  -1.84784671476536e-14
  -4.02535395016368e-15
   2.05063343622203e-14
  -2.47306246351784e-15
  -8.52622002238026e-15
  -9.04622623793872e-15
  -1.80102691652701e-14
  -1.83146630306740e-14
  -1.74179817116421e-14
   2.13267534886636e-15
  -1.47522639447723e-15
  -1.55006672598694e-14
   1.95460142711260e-14
   1.47016410302708e-14
  -1.82590444471840e-14
   1.69035575157125e-14
   2.76516693714640e-14
  -3.81381747933505e-15
   1.37037240244805e-14
   3.22156771997234e-14
   2.02293905074745e-14
   1.20923302672822e-14
   1.37262075481499e-15
  -3.11439501545629e-15
  -6.10730323619781e-15
  -1.48540144490368e-14
