ARMA_MAT_TXT_FN008
200 1
   4.05426540238457e+00
   7.90080331750252e+00
   1.18029813036669e+01
   1.57301772024571e+01
   1.96705550318502e+01
   2.36184307570677e+01
   2.75706760102895e+01
   3.15254002993456e+01
   3.54813806152280e+01
   3.94377835680966e+01
   4.33940175138950e+01
   4.73496482588302e+01
   5.13043482871432e+01
   5.52578647694254e+01
   5.92099986331524e+01
   6.31605904623673e+01
   6.71095112124730e+01
   7.10566609711630e+01
   7.50020129960475e+01
   7.89459365708646e+01
   8.28908225273623e+01
   8.68467344811331e+01
   9.08430281934847e+01
   9.49360250698782e+01
   9.91931244670309e+01
   1.03662821861246e+02
   1.08364064913665e+02
   1.13296570979388e+02
   1.18452800193390e+02
   1.23824030405564e+02
   1.29402353932555e+02
   1.35181033168077e+02
   1.41154370588855e+02
   1.47317490766209e+02
   1.53666144589180e+02
   1.60196555584977e+02
   1.66905304095766e+02
   1.73789240773520e+02
   1.80845421748244e+02
   1.88071059625030e+02
   1.95463486063064e+02
   2.03020122896669e+02
   2.10738459622716e+02
   2.18616035686867e+02
   2.26650426428448e+02
   2.34839231845470e+02
   2.43180067556264e+02
   2.51670557489017e+02
   2.60308327942999e+02
   2.69091002748174e+02
   2.78016199311455e+02
   2.87081525384018e+02
   2.96284576419309e+02
   3.05622933418051e+02
   3.15094161177326e+02
   3.24695806877013e+02
   3.34425398949306e+02
   3.44280446187172e+02
   3.54258437055505e+02
   3.64356839175000e+02
   3.74573098953978e+02
   3.84904641347511e+02
   3.95348869726462e+02
   4.05903165841974e+02
   4.16564889873032e+02
   4.27331380546753e+02
   4.38199955322417e+02
   4.49167910631792e+02
   4.60232522169078e+02
   4.71391045225000e+02
   4.82640715060119e+02
   4.93978747313155e+02
   5.05402338440709e+02
   5.16908666185180e+02
   5.28494890067940e+02
   5.40158151905513e+02
   5.51895576346421e+02
   5.63704271426776e+02
   5.75581329142948e+02
   5.87523826039807e+02
   5.99528823813011e+02
   6.11593369924249e+02
   6.23714498228308e+02
   6.35889229610804e+02
   6.48114572635862e+02
   6.60387524202739e+02
   6.72705070210708e+02
   6.85064186231400e+02
   6.97461838188029e+02
   7.09894983040839e+02
   7.22360569478216e+02
   7.34855538612860e+02
   7.47376824682614e+02
   7.59921355755385e+02
   7.72486054437723e+02
   7.85067838586584e+02
   7.97663622023961e+02
   8.10270315253836e+02
   8.22884826181129e+02
   8.35504060832295e+02
   8.48124924077075e+02
   8.60744320351212e+02
   8.73359154379534e+02
   8.85966331899315e+02
   8.98562760383253e+02
   9.11145349762026e+02
   9.23711013145741e+02
   9.36256667544256e+02
   9.48779234585651e+02
   9.61275641232764e+02
   9.73742820497225e+02
   9.86177712150812e+02
   9.98577263433344e+02
   1.01093842975719e+03
   1.02325817540753e+03
   1.03553347423817e+03
   1.04776131036237e+03
   1.05993867883820e+03
   1.07206258634780e+03
   1.08413005187021e+03
   1.09613810734694e+03
   1.10808379833986e+03
   1.11996418468046e+03
   1.13177634111019e+03
   1.14351735791056e+03
   1.15518434152264e+03
   1.16677441515455e+03
   1.17828471937646e+03
   1.18971241270143e+03
   1.20105467215137e+03
   1.21230869380621e+03
   1.22347169333539e+03
   1.23454090650941e+03
   1.24551358969000e+03
   1.25638702029654e+03
   1.26715849724645e+03
   1.27782534136706e+03
   1.28838489577560e+03
   1.29883452622424e+03
   1.30917162140618e+03
   1.31939359321839e+03
   1.32949787697584e+03
   1.33948193157178e+03
   1.34934323957687e+03
   1.35907930727012e+03
   1.36868766459214e+03
   1.37816586501080e+03
   1.38751148528703e+03
   1.39672212512691e+03
   1.40579540670313e+03
   1.41472897402691e+03
   1.42352049214691e+03
   1.43216764614823e+03
   1.44066813991867e+03
   1.44901969464354e+03
   1.45722004698212e+03
   1.46526694686917e+03
   1.47315815487293e+03
   1.48089143902530e+03
   1.48846457102133e+03
   1.49587532166013e+03
   1.50312145536809e+03
   1.51020072360483e+03
   1.51711085689925e+03
   1.52384955519248e+03
   1.53041447607232e+03
   1.53680322035587e+03
   1.54301331430488e+03
   1.54904218751668e+03
   1.55488714519126e+03
   1.56054533298213e+03
   1.56601369190908e+03
   1.57128889970816e+03
   1.57636729327845e+03
   1.58124476412365e+03
   1.58591661407303e+03
   1.59037735049104e+03
   1.59462038524302e+03
   1.59863757202648e+03
   1.60241845216010e+03
   1.60594891924460e+03
   1.60920852486671e+03
   1.61216345834685e+03
   1.61474235627366e+03
   1.61687412626612e+03
   1.61900139874572e+03
   1.62161184756033e+03
   1.62465466458648e+03
   1.62806421846446e+03
   1.63182177528554e+03
   1.63592910009629e+03
   1.64040121141792e+03
   1.64526535353134e+03
   1.65056294654811e+03
   1.65635453390991e+03
   1.66272957097736e+03
   1.66982619790737e+03
   1.67787583783945e+03
   1.68732596866188e+03
   1.69933590402799e+03
